  -9.7168015e-03  -2.1683402e-01   5.7617822e-01  -1.6662702e-01  -1.4121123e-01  -4.9033441e-03   2.1517266e-01  -4.4480986e-02   3.5006796e-01
   8.7715344e-02   2.1274075e-01  -1.8680302e-01  -1.4705554e-01  -1.7224936e-03   1.0733815e-01   4.5874094e-02  -2.4233402e-01   1.2805689e-01
   1.4157501e-02   1.7646728e-02  -2.1639875e-01   1.7806720e-01  -1.3307726e-01  -1.5752072e-01   4.8442504e-02  -1.2859085e-02  -1.5087705e-01
   4.3969372e-01   8.5929083e-01   2.4696221e-01  -1.4771957e-01  -2.8366619e-01   2.0715354e+00   2.6306339e-01   5.5173477e-01  -6.7902382e-01
  -1.2645589e-01  -3.5911463e-02   1.3013517e-03  -3.4451070e-02  -5.5656178e-02  -2.0506091e-02   1.7282883e-01   8.8927961e-02  -1.0576392e-01
  -1.0159941e-01  -3.8883771e-04   2.8720714e-02  -1.5664613e-03  -1.0430225e-01  -8.8836318e-03   1.4104520e-01   3.5392693e-02   2.6775688e-03
   1.5528169e-01  -1.5818125e-02   3.8915168e-02   8.1081762e-02   2.5948372e-05   2.9228499e-03  -1.4396751e-01  -1.0711817e-01  -3.0306277e-02
   1.1091684e-01   1.6081653e-01   9.8034362e-02   1.5849080e-01  -2.5425672e-01  -7.0195128e-02  -6.2277978e-02  -1.9785928e-01  -9.0853833e-02
   2.8576955e-01  -6.7477840e-02  -5.3437370e-01  -5.8653684e-01   5.5576525e-01  -1.9820255e-01   2.1239533e-01  -1.5404344e-01   1.7847126e-01
   1.9535343e-03   2.4988462e-01  -8.4359926e-02  -5.8455568e-02   7.4699514e-02   4.7084782e-02  -1.2365804e-01  -9.0775278e-02  -5.0704040e-03
  -4.8616113e-02  -1.3509712e-01  -1.0177333e-02  -6.8522056e-02  -1.9645922e-01  -5.2023178e-02   1.1048128e-01   2.0324331e-01   6.0323174e-02
   7.7661562e-03   3.4799996e-02  -6.2460069e-01   1.0671206e+00   1.4811934e+00   6.8631283e-01   1.5777016e-01  -5.3284468e-02   2.2117786e-01
   1.0062692e-01   2.7331329e-01  -9.4497181e-02  -1.1141042e-01  -9.5162969e-03  -4.7008777e-02  -3.6824355e-02  -2.2696511e-01  -9.5732391e-02
   5.2917355e-01   2.0095013e+00   3.1869472e-01   1.5065457e-01   3.5420028e-01  -1.5373911e-01   3.0642771e-01  -2.8336669e-01   4.4661403e-01
  -4.5951951e-02   3.0914348e-02  -4.4632281e-02  -1.2428141e-01   9.9001192e-02   1.6591889e-01   1.1549765e-01  -2.4574150e-01   1.1417907e-01
   1.0451649e-01   2.4372520e-01   4.1752013e-03   4.4075453e-02  -1.0058446e-01  -6.0593507e-02  -2.4666229e-02  -1.9770247e-01  -1.8801125e-01
  -4.6381634e-01  -7.9970630e-01  -7.8105432e-01   4.2858152e-01   4.8362521e-01   2.5419242e-01  -1.4712946e-01  -1.7794326e-01   3.1714265e-01
   3.3407432e-02   8.1793518e-01  -1.0165145e+00   3.5383727e-01   3.0241173e-01   8.3630586e-02  -2.3038689e-01   8.2346192e-01  -3.8777158e-01
   1.7720255e-02  -1.8237570e-01   6.5841514e-01  -8.5090125e-01   2.7424247e-01  -1.5103100e+00   7.5364147e-02   8.7193455e-02   1.6082062e-01
  -1.7201464e-01   1.2682292e-01  -2.5989487e-01  -2.7110195e-01   1.1064494e-01   2.8178721e-02   1.3406921e-01   3.0394315e-01   2.0965328e-01
   5.2882571e-01   2.9639464e-03  -1.3825968e-01   7.5717780e-01   9.2100836e-01   9.6049505e-01  -2.4938018e-01   2.9063990e-01   4.9794221e-01
   1.0605048e+00  -2.0837477e-01   2.3329484e-01   7.6145030e-01   5.8284165e-01   1.0697904e-01  -4.7801135e-01   8.4277942e-02   8.1957447e-01
  -1.1633630e-02  -2.3610950e-01  -1.1634141e-01  -7.2965829e-03   3.9282993e-01   4.4332291e-02   1.5359359e-01   1.7743633e-01  -6.8029060e-02
  -3.2693334e-02   8.7664725e-03   2.3628443e-01   3.0089790e-02  -2.1381525e-01   5.0954141e-02  -1.4948594e-01  -1.5638143e-01  -7.6288859e-02
  -1.1443480e-01  -1.9906312e-01  -1.2037285e-01  -9.5253436e-02   3.9794688e-01   8.7748103e-02   8.9410891e-02   1.9833304e-01  -3.1359515e-02
  -4.0927550e-02  -9.6239440e-02  -6.7925922e-02   5.3615920e-02  -1.6999732e-02   2.6315930e-02   4.7247094e-02   7.0535036e-02   1.4586668e-01
  -1.4024039e-01   1.0146889e-02   9.4405615e-02  -1.4903175e-01   1.1404166e-01  -1.4130376e-01   1.5679816e-01   8.6158971e-03   7.9477453e-02
   1.2817276e+00  -8.4223709e-01  -1.1353154e-01  -1.2662452e+00  -4.0114357e-02   3.1730640e-02   3.9264954e-01   7.8081026e-02  -5.0169782e-01
  -8.8862653e-02   7.1785610e-01   4.1886826e-01  -3.9103342e-01   6.5409278e-01   9.3218517e-02   1.7851514e-01   6.1858633e-01   2.1362517e-01
   5.7394512e-01   1.6396525e-01   2.7497548e-01   7.9604222e-01  -6.3840667e-01   3.6260193e-01   2.6290589e-01   2.0580435e-01   1.1464159e-01
  -7.7449761e-02   2.9959629e-03  -2.2471623e-01  -3.2894116e-01  -1.3826472e-02   9.7362541e-02   4.1103522e-02   2.4809612e-01   4.4888214e-01
  -1.8645662e-02  -1.6455443e-01  -6.7775851e-02  -3.1751835e-02  -1.0367461e-01  -6.8697837e-02   9.3270688e-02   2.3355484e-01   7.4350521e-02
  -9.9328444e-01  -4.5810295e-01  -1.5108087e-01  -6.5827059e-01   1.5864857e-01   5.1130154e-01  -8.2165803e-01   2.4377040e-01   2.0349941e-01
   2.6827717e-01   9.5493932e-02   9.3347333e-02   8.3953574e-02  -2.4825908e-01  -1.1845340e-02   1.1935352e-03  -1.5282227e-01  -2.8197662e-02
   4.5549622e-03   1.8211425e-01   2.3142762e-03  -9.0424753e-02  -1.0041745e-02   8.6590163e-02  -1.7506326e-01   3.5380254e-02   9.9058450e-02
