  -1.9728868e-01  -3.6651601e-01  -2.3223096e-01   4.0481306e-01   3.7760288e-02  -1.2837896e+00  -3.4142858e-01  -7.7003460e-01   2.2823262e-01
  -7.3832300e-01  -3.0744850e-01  -7.3304553e-01  -3.6859581e-02  -7.8177524e-01   8.6736129e-02  -5.0091483e-01   8.1771265e-01   1.9190133e-01
  -4.3864627e-02  -6.8893474e-01   1.5829367e-01   1.4338387e+00  -4.8636351e-02  -4.0905476e-01   4.9520168e-01   5.2441895e-01   4.9439433e-01
  -1.0783976e+00   5.5832679e-01  -5.8465027e-01  -1.2106498e-01  -8.4362242e-02   1.3111134e-01  -1.6475447e-01   1.4889586e-01   2.6738888e-02
   6.8543030e-01   1.0213503e+00  -7.5516246e-02   5.6188195e-01   5.3921950e-01  -1.5541700e-01  -3.2975242e-02  -3.6974537e-01   2.6700962e-01
  -4.1204777e-01  -3.4385471e-01   2.0138295e-01  -1.0550077e-01   5.2833594e-01   1.7313318e-02   9.9262744e-02  -6.4933141e-01   4.3643459e-01
  -5.1496847e-01  -5.5972924e-01   4.1740823e-01   6.6713529e-01  -1.5008719e-01   5.4093028e-01  -1.3767297e-01  -3.8857660e-01   4.6288534e-01
  -1.1529340e-02   5.5508263e-02   4.9503394e-01   1.7510871e-01   1.1739847e-01   1.1463394e-01   2.7317806e-02   7.0374651e-02  -2.5747559e-01
  -3.1946617e-01   5.0051299e-04   3.4476432e-01   3.4452641e-01   2.9319810e-01  -5.0966917e-02   2.1920845e-01  -2.5269007e-01  -4.1398268e-01
   3.8773723e-01  -1.0922758e-01   3.0173725e-01   3.8082841e-01   3.8374305e-01   2.2412978e-01  -5.9716784e-01   3.8074840e-02  -5.8202325e-01
   7.7701263e-01   3.5904275e-01   1.3134685e+00  -1.0634588e-01   3.1546327e-01   2.0382001e-01   7.3499395e-01  -6.9904572e-01  -4.2058487e-01
  -1.0087508e+00   1.9680293e-01   1.0527832e+00  -9.2616395e-02   3.2563673e-02   2.7296110e-01  -8.5372261e-01  -2.0161686e-01  -1.2668790e-01
   9.6480260e-01  -5.2645180e-01   7.2538848e-01  -3.0353702e-01  -7.7130192e-01   4.5205112e-02   1.8586794e-02  -4.3046278e-01  -4.7811860e-01
  -2.7067511e-01  -3.5975141e-01   2.9834818e-01  -2.1884514e-01   2.0679077e-01  -4.9603441e-01   1.6746689e-01   1.1275228e-01  -2.6964161e-02
  -4.6602470e-02   3.4362945e-02  -8.6762452e-02   1.6158691e-01  -2.8134350e-01  -9.3005735e-02   7.9892396e-02  -3.8943810e-02   2.2597731e-01
  -5.6665388e-02  -8.7365563e-02  -3.6270660e-02  -5.2518427e-02   7.7865734e-02  -1.9501235e-01  -1.3753642e-01   1.7991387e-02  -1.0470599e-01
  -2.1643062e-01   3.8987054e-03  -1.0045291e-01   1.7500109e-01   1.5100449e+00   9.0441783e-02   1.0264310e-01   5.0786064e-01  -4.0804055e-01
   2.5605035e-02   1.7137252e-01  -2.8495532e-02   8.0695296e-02   2.7871392e-02   1.9216650e-01  -1.2661343e-01   1.5448467e-01   5.8031373e-02
  -5.8959031e-02  -1.4777460e-01   1.8698802e-01  -1.1527149e-01  -4.6586003e-02  -9.8340434e-02  -1.6576375e-01   3.3636119e-02   9.4691717e-02
  -4.5021212e-02  -2.3912894e-01   4.3440728e-02   9.5943232e-02  -9.8085402e-02  -2.4989277e-01   1.3510648e-01  -1.5144259e-01   2.3913134e-01
  -1.5419968e-01  -2.1166509e-01   7.9371150e-01  -5.1668705e-01  -6.4593600e-01  -6.1699044e-01   3.0311856e-01  -6.8070082e-01   1.9966939e-01
   3.8586801e-01  -1.5106292e-01   2.9173217e-01   3.2394932e-01  -6.3682121e-01  -8.6528209e-01   1.1835415e-02   6.0870048e-01   2.6802068e-02
