  -3.5143414e-02
   1.0144325e-01
   1.8837582e-02
   5.0190543e-02
  -1.0356092e-01
   1.2318878e-01
   9.8935722e-05
   1.2944132e-02
  -6.2571440e-01
   1.6190644e-02
   4.8117351e-01
  -8.2309014e-01
  -4.6387612e-02
   2.0234526e-01
  -5.8509389e-01
   4.1435990e-01
   3.9339171e-01
   5.2692625e-02
  -1.0477851e-01
   9.7426398e-02
   4.4573211e-01
  -4.3797574e-01
   4.0099836e-01
  -2.6603030e-01
   7.1308558e-02
   1.1493058e-01
   4.6105669e-01
   2.7576450e-01
   2.4306261e-01
  -3.1301177e-01
  -6.2167427e-01
  -7.5031011e-01
   2.9848557e-01
  -6.1195105e-02
  -1.6568941e-01
   5.1626149e-02
  -2.7686721e-01
   2.8802178e-02
   3.2958150e-02
   3.4842822e-01
   1.7440843e-01
