  -4.2146283e-01  -1.1928377e+00  -5.4313821e-01   6.5449798e-01  -3.5137195e-01   5.9486811e-02  -9.4901033e-01   2.7233448e-02  -4.8079514e-01
  -2.8616640e-02   5.3505128e-02  -1.2019741e+00  -1.8301983e-02  -3.8618751e-01   1.7297383e-02  -3.3090653e-01   4.0723267e-01  -4.9475233e-01
   1.2642224e-01   3.7485768e-02  -3.7641284e-02  -6.0107519e-02  -4.5254070e-02   1.1318779e-02  -8.9869281e-02  -8.4982749e-03  -3.5528732e-02
  -1.8027635e-01  -1.2460669e-01   7.7822614e-02  -2.4661061e-02  -4.3052288e-02  -3.1152570e-02   5.0073805e-02  -1.2429040e-02   4.5104369e-03
   8.3844379e-02  -8.3353762e-02   1.5201308e-02  -9.2044762e-02   3.1607598e-01   1.1230508e-02  -1.1098980e-01   1.3277679e-02  -1.1895333e-01
   1.0846365e-01   6.6155065e-02  -1.0299353e-01   1.1241764e-02   1.5523063e-01   6.9542656e-03  -1.5051114e-01   1.9589075e-02   6.7733495e-02
  -1.9203526e-01  -1.6445042e-01  -4.9380957e-02  -3.3114230e-02  -1.2876941e-01   2.7260306e-02  -2.4876075e-02  -3.4202961e-02   1.0397259e-01
  -8.6063050e-01  -8.4455015e-02   3.9758010e-01   2.4654030e-02   7.1333370e-01   3.9938281e-01  -5.4850555e-01   3.1395280e-02  -2.8891242e-01
   3.0326143e-01   5.2164245e-01  -1.8716184e-01   7.2675948e-01   6.5348707e-01  -1.3080306e-01  -1.7928788e-01   1.5118987e-01  -2.3885659e-01
   3.4437860e-01  -1.1007574e-01  -3.6697113e-02  -3.2090623e-01  -2.8015967e-01  -4.6934292e-01   1.9486274e-01  -1.7352599e-01   1.9731982e-01
   4.0820880e-03   1.0433951e-01   3.5982383e-02   4.3541970e-02   2.9638782e-01   1.3866982e-02  -8.9267086e-02   2.9727098e-02  -2.3731735e-02
  -2.6163526e-01  -1.6659309e-01   1.0232901e-01  -1.3219272e-02  -1.5795921e-01  -8.8559087e-02   7.3986742e-02   1.0808054e-01   3.2888797e-02
   8.0086507e-02   1.0424779e-01   2.2982407e-02  -1.5892738e-02  -7.0940350e-02   8.6349508e-02   1.2463331e-01   2.0762740e-02  -5.9981561e-02
   1.2533339e+00   4.7839854e-01   7.1681487e-01  -4.3862852e-01   8.7982265e-01  -5.6037552e-01   3.6455512e-01  -8.9140090e-02   3.8236731e-02
   1.3514271e-01   6.6128944e-01   4.4655093e-01  -3.1691732e-01  -2.9724022e-01  -2.5325826e-01   8.3090120e-02  -3.1441500e-01   9.0861586e-02
  -1.9892195e-02   7.5258415e-03  -1.2112296e-01   4.4468327e-02   1.0974832e-01  -7.5499127e-02   3.7416686e-02   4.3409122e-02  -1.8193412e-02
   9.2317210e-02   1.2011269e-01   3.7731702e-01   2.8154779e-02  -1.3471192e-01   7.6964696e-02   1.3227040e-01   8.2284184e-02  -1.9754054e-01
  -5.8407675e-02   5.1154709e-02  -2.7836034e-01  -1.1800153e+00  -7.3079415e-02  -2.0843759e-01  -1.9752221e-01  -1.6925624e-01  -3.6331247e-01
  -9.1824025e-01  -1.4037303e+00   2.8405810e-03  -4.6069840e-01  -1.3039284e-01   9.3812308e-01  -7.8164290e-01  -1.0030445e-01  -3.3549547e-01
   3.9444949e-01  -1.0251077e-01  -4.1318145e-02   9.0254164e-02  -1.7070829e-01   1.4310410e-01   1.6988467e-01  -7.5875424e-02  -3.7695595e-01
  -1.3052029e+00  -1.3632021e+00  -6.0215028e-01   1.6475000e-01  -5.0490057e-01   1.6169552e-01   5.0950451e-01  -8.0757011e-01   1.8549983e-01
   4.3590063e-01   2.6657298e-01   1.4059336e-01  -7.2065824e-01   8.9459805e-01  -1.0417295e-01   9.0228859e-02   1.9687704e-01   3.8406032e-02
  -8.0335655e-02  -2.5992452e-01  -8.7585462e-01  -8.7079996e-02   2.1011718e-01   1.3825432e+00  -2.1208720e-01   4.1495890e-01  -2.0784073e-01
  -1.2148807e-01   1.0675669e-03   1.5069456e-01   1.6147066e-01  -3.1829819e-02   3.9271270e-02   1.9959333e-01  -3.0291379e-02  -1.1682229e-01
  -1.4868648e-01  -8.4416652e-02  -2.2065782e-01  -6.1014329e-01   1.5273110e-01   3.7368700e-02  -4.2721945e-01  -3.8384200e-01   1.6068622e-01
   1.0763968e+00   1.0304687e+00  -1.2599478e-01  -2.3674343e-01  -3.2182280e-01  -3.2066719e-01  -2.0478553e-01  -9.7920781e-02   4.9265392e-01
   2.4356422e-01   3.5214795e-01   6.6969149e-02  -9.5821046e-02  -1.0346227e-01  -1.0632109e-01   2.1632801e-02   3.8323396e-02   4.3731953e-02
  -1.4761007e-01   4.1151489e-01   1.0612996e+00  -2.1429189e-01  -2.5225729e-01  -2.6523600e-02   1.0145107e-01   1.8554027e-01  -3.2884664e-03
   7.0069848e-02  -1.2813575e-01  -2.1902652e-01  -3.2571985e-01   2.7286964e-01   1.6220313e-01   1.5139353e-01   3.0509853e-01  -1.4924972e-01
   1.7184154e-01  -2.0671678e-01  -1.7283306e-01  -2.4079392e-01   3.3132899e-01   2.7984745e-01  -1.1848174e-01   3.3707080e-01  -1.5639557e-01
  -7.2272156e-01   2.0226310e-01  -1.7591996e-01   3.0232088e-01   2.3531900e-01   2.0919729e-01  -3.1078647e-01  -1.5323580e-03   2.8766830e-01
  -3.4844818e-02  -1.0730334e-01   3.4093747e-02  -4.3720514e-02   1.6383484e-01  -5.7602474e-02  -1.5416602e-01  -6.0915847e-02  -6.8091038e-03
   5.4587437e-02   7.5549767e-02  -3.5063168e-03   7.3753905e-02   7.4168188e-02   1.0246270e-02  -9.0951718e-02  -2.3970199e-03  -2.9724060e-02
   4.3744226e-02  -4.5601067e-01   3.2940555e-01  -5.0364465e-01  -2.4800915e-01   3.6912217e-02  -6.7567408e-01   2.2971274e-01  -5.8660901e-02
   1.5647880e-01  -8.4785533e-02   8.5084249e-03  -1.9329366e-01   2.3833974e-01  -1.0059488e-01  -1.5539446e-02   7.6349024e-02  -9.6845570e-02
   2.4265550e-02   2.7077664e-01  -5.2114921e-01   2.8798925e-01   4.5269947e-01   1.1820539e-01   3.3494523e-01   1.2351727e-01  -1.0030258e-01
  -1.1778054e-01   1.2577171e-04   9.4540754e-02   3.7897738e-02  -1.1531875e-01  -1.6907586e-02   1.2272692e-01  -7.6352693e-02  -2.1754907e-02
