   9.8300017e-02  -2.7713433e-01   1.6893591e-01   2.9518872e-02   5.7685766e-02  -3.1145078e-01   2.1908071e-01  -2.7262816e-01  -6.3672247e-02
   1.9592838e-02   1.3177339e-01  -2.2171872e-01  -2.5177132e-02   1.1193770e-01  -2.8193348e-01   3.6130973e-01  -4.4286324e-01  -1.7914340e-01
  -6.6240481e-02  -8.1950194e-01   5.2948395e-02  -2.1051566e-01  -9.6945505e-02  -5.4614806e-01  -2.7944788e-01  -8.6697056e-01   6.0662648e-01
   5.6076651e-01  -6.4695400e-02   1.6429580e-01  -8.5066277e-02  -2.7236204e-01  -1.9759425e-01  -4.4298067e-02  -4.7627733e-01   1.3873957e-01
   5.8215861e-02  -1.3300632e-01   4.2216291e-02  -1.2430156e-01  -3.0641346e-01  -2.3114176e-01  -3.3959109e-02  -4.2550047e-01  -1.2078611e-01
   2.1271560e-01  -4.6096307e-02  -5.2605195e-01  -1.3405317e-01   1.8530168e-01   2.3720838e-01  -3.9886104e-01   2.9929277e-01  -4.5210156e-02
   1.6255095e-01   4.7664933e-01  -4.6229370e-01   3.2851937e-01   1.9439491e-01  -2.5947240e-02   1.0436413e-01   5.8872295e-01  -1.6477894e-02
  -5.6091835e-02   1.1559112e-01  -3.0950683e-02  -1.4721579e-01   9.1039203e-02   1.7396385e-01  -6.9184428e-02   1.5865322e-01   4.7683507e-02
   9.3782401e-02   7.4304263e-02   1.4954403e-01   2.2824056e-02  -1.4505794e-01  -1.9634494e-01   1.8061401e-01  -2.1939342e-01  -2.3533128e-01
  -4.2234622e-04  -2.3398177e-01   8.4134263e-02   2.9138853e-01  -4.4460005e-02   4.8905743e-01   1.8348522e-01  -1.1771391e-01   2.5778905e-01
   3.4381986e-01  -1.0535270e-01   1.0855234e-01   6.9487973e-02   2.9872166e-01   6.9046442e-02  -1.3015759e-01   1.2433823e-01  -1.2685198e-01
   3.6359203e-02   7.5984446e-02  -7.7673607e-02  -1.3779477e-01   1.1617226e-01   1.4976875e-01  -2.5168469e-01  -2.2969930e-04   1.4458992e-01
  -4.9692788e-01   2.0440627e-01   4.2092795e-01   3.5750226e-01   2.4255863e-01  -2.0688883e-01   1.3269069e-02  -2.4333753e-01   5.5184380e-02
  -5.5838535e-02   2.6091643e-01  -5.9666703e-02  -1.1619564e-01  -1.7887196e-01   3.1136550e-01  -1.3944534e-01  -9.4566060e-02   7.5613258e-02
   5.5282188e-01  -7.7047954e-01   3.1475937e-01  -2.6578368e-01   1.4203339e-01  -3.4040456e-02  -3.4037167e-01  -1.2816374e-01  -1.7872770e-01
   4.2425131e-01   1.9991360e-01   1.1687476e-01   1.9463159e-01   1.0414733e-01  -8.2049144e-01  -2.9157765e-01   4.1849470e-01  -1.7118015e-01
  -5.2914703e-01  -5.5686125e-01  -4.8698431e-02   5.3068069e-01   2.1440076e-01  -2.8990893e-01   1.0372890e-01  -8.5755098e-01  -5.8125739e-01
  -1.1214651e-01  -1.7358988e-01   1.8522030e-01   1.7344589e-01   5.9472127e-03  -1.2731541e-01  -2.7704362e-01   1.2349099e-01  -3.8173516e-01
  -2.9667819e-01   3.7681754e-01   2.1811018e-01   1.1402902e-01  -2.8020538e-01  -3.8036988e-01   1.0457511e-01   1.0829435e-01  -4.6247637e-02
   9.0474476e-02  -1.6697271e-01   2.6008908e-02  -6.5200860e-02   1.8105145e-01  -2.2986240e-01   9.0206237e-02  -1.1159090e-01  -1.4378511e-01
   7.3609986e-01  -2.6282898e-01   5.8866702e-01   7.1392497e-01   4.7790909e-01   5.1619719e-01   8.8640516e-02   3.7885641e-01   4.9901485e-01
  -1.6699967e-01  -1.1728239e-01   1.2412754e-01   3.6552326e-01  -1.3455089e-01  -4.0871882e-02  -2.3312457e-01   1.7002005e-01  -3.4986751e-01
  -4.9337036e-01  -2.1848160e-01  -2.2546017e-01   1.6902862e-01   9.3360142e-03   9.0117025e-02  -3.4036837e-01   4.5608861e-01   5.4376430e-02
   2.3725119e-01  -3.9529779e-01  -1.7324792e-01  -3.2102540e-01   1.7729219e-01   1.2190837e-02   5.0348069e-03  -3.6324708e-01   3.3677949e-02
  -2.2133150e-02  -1.4875137e-01   1.2896472e-01   1.5908731e-02   2.6667801e-02   2.2462778e-01   6.9498901e-03  -1.0131952e-01   2.3155368e-01
   3.6906937e-02  -1.3782527e-01  -2.1266165e-01  -4.6170469e-01  -6.2163603e-01   7.9450071e-02  -3.2373935e-01  -2.1602161e-01  -5.0906536e-02
  -1.1002453e-01   5.9683548e-01   4.0343223e-01  -7.9917366e-02  -9.7365162e-02   3.3449610e-01   1.3862674e-01   1.0161958e-01  -9.1529437e-02
  -3.2721711e-01   4.0440107e-02  -2.0148314e-01   1.7887976e-01  -1.2898536e-01   1.0132268e-01  -2.7031315e-01   7.8942473e-02   2.4073113e-01
   6.0355395e-01   1.9714958e-01   1.3059137e-01   3.2663860e-01   4.9952789e-03  -1.0270091e+00   3.2390700e-01   2.8675299e-01  -6.8435866e-01
   9.7714264e-02  -1.4785918e-01   3.7818535e-01   1.7439264e-02   9.4284128e-02  -2.8589254e-01  -3.6663558e-01   3.1165912e-01  -2.8254900e-01
  -3.9535097e-01   1.2285811e-01   4.4757359e-01  -3.3423543e-01   4.5734775e-02  -7.3002902e-02   4.7666554e-01  -3.6580245e-01  -9.1381437e-01
  -6.9755774e-04   4.0672401e-01   4.0776670e-01   1.9433595e-01   2.1557570e-01  -6.4304138e-01   4.6718801e-01   3.7741655e-01  -1.6184972e-02
