  -8.0136097e-02   2.9072724e-03   5.0312850e-02  -4.3218080e-02  -9.5676195e-02  -3.8146666e-01  -9.4367552e-02  -1.4706192e-01   8.7539476e-02
   8.0484304e-02   8.4627704e-02   1.2591890e-01   1.9605351e-01  -2.0487988e-02   2.7593704e-02   1.4005799e-02   1.8235920e-01   2.6119886e-01
   2.0050109e-01  -6.6197709e-02  -1.3157265e-01   3.0662772e-01   3.0658904e-01  -2.2603709e-02  -2.0841170e-01   1.4660465e-01   2.0641406e-02
   3.7467761e-01  -2.7360319e-02   4.6377481e-02   6.3238047e-02   3.3250191e-02  -1.3344563e-01   1.5722715e-01   8.1101219e-02   1.8375071e-01
   3.5550635e-01   7.6755175e-02  -4.2211401e-03   1.9469566e-01   2.9194198e-02   2.2857975e-01  -1.6810002e-02   2.0046222e-01  -1.2081303e-01
  -1.2457699e-02   6.1748279e-02  -4.2891878e-03  -4.1415386e-01  -2.5931486e-01   1.0762481e-01   2.1416901e-01   8.9974115e-02  -9.3480035e-02
  -5.6394557e-01  -1.5054676e-01  -2.3703809e-01   1.5508419e-01  -2.6173394e-01  -2.4543232e-01  -5.2085431e-02  -2.5563818e-01  -1.9882655e-01
  -1.9567793e-01   2.8343500e-03   9.1328221e-02  -4.6189762e-02  -7.5980368e-02  -3.2358333e-01  -4.7095801e-02   1.5635911e-02   1.5896192e-01
  -1.2973957e-01   6.4671307e-02   1.1739971e-01   4.6449516e-02   1.2303748e-01  -4.5214787e-02   8.3209851e-02  -1.4920407e-01   1.0152797e-01
   1.3458971e-01  -7.3508158e-02   1.1146946e-01  -5.7661318e-01  -1.5294811e-01  -1.8922230e-01   2.1092901e-01   1.8683573e-01  -1.9135364e-01
  -5.9301632e-01   8.3839098e-01   1.1256000e-01   1.4420059e-01  -1.4935637e-01   8.7322746e-01   4.0014300e-01   8.4411897e-01  -1.5073767e-01
   3.1169998e-01   2.9417207e-01  -1.0934017e-01   3.3269163e-01  -1.4117188e-01  -6.6127416e-02   3.6337084e-01   4.2153391e-01   1.7841632e-01
   3.2282806e-02  -3.3090390e-01  -3.8895456e-01  -4.0466762e-01   2.3312713e-01  -2.7961518e-01   2.0963531e-01  -6.6042792e-01  -1.2009307e+00
   1.9032333e-01  -3.9936848e-02   2.5978363e-01   3.1006800e-01  -6.1869379e-02  -5.3226994e-01   2.2634156e-01   1.2250980e-01  -6.3233139e-01
  -3.0286656e-01   1.9995982e-02  -2.6323399e-01   1.2031918e-01   4.5660252e-02  -4.4633264e-02  -7.9881922e-02  -1.7577690e-01  -3.2656193e-01
   4.9267864e-01   1.7504029e-01  -5.0795555e-02   1.6665405e-01   2.6712342e-01   6.1743831e-01   1.2845119e-01   6.4461665e-03  -1.3755484e-01
  -8.2930073e-01   1.4854158e+00   2.9663571e-01  -1.4132214e-03  -4.2490694e-01   3.9520666e-01   5.2692274e-01  -4.1083908e-02   4.0128051e-02
  -2.1730489e-01   8.1482863e-02  -4.3003845e-01   1.3027942e-01  -4.3033400e-02  -4.0145700e-02  -4.1545161e-02   8.9404818e-02   5.8406427e-02
   7.5933486e-01   1.5409068e-01   9.9999636e-02  -1.1323901e-01  -4.8641831e-01  -2.5334821e-01   3.2570518e-01   2.1615411e-01  -1.3141113e-02
   8.2851837e-02  -1.7460789e-01  -3.5940367e-02  -1.9737564e-03  -9.4502494e-02  -2.0594038e-01   8.9323189e-02   2.0083689e-01   3.6941011e-02
   2.3513283e-01   8.4920702e-04   1.5956375e-02   6.6037984e-02   5.8812595e-02  -2.3600857e-02   2.3254225e-01  -1.8940836e-02  -2.6552159e-01
  -7.7817090e-02   2.4308021e-02   1.4324278e-01   3.3732740e-02  -2.4233400e-01   1.2884841e-02   4.7143118e-03  -8.5443067e-02   2.3236386e-01
  -1.3901807e-01   1.1800121e-01   5.8719834e-01  -2.1812084e-01  -2.7058366e-02   7.3752783e-02  -2.6982016e-02   1.2155157e-01   1.1371049e-01
  -5.3086109e-01  -4.0273010e-01   2.3519629e-01   5.3420393e-01   1.9072926e-01  -2.2570128e-01  -2.7050043e-01  -6.3147661e-02   2.6311470e-01
  -4.8336601e-01   6.0369221e-01   1.0743859e-01   2.3907890e-01  -3.5548883e-01   2.7369182e-01  -1.0615081e+00   8.1138333e-01   5.6090910e-01
  -1.7817806e-01   3.3572896e-01  -2.2761120e-01  -2.1040742e-01   1.2755780e-01   3.8954551e-01   1.0015258e-01   4.2926994e-01   5.0754753e-02
  -9.1270859e-02  -2.0983486e-01  -4.1394514e-01   8.9888070e-02  -3.3647519e-01  -1.5197773e-01  -4.9064454e-02   3.0329540e-01   6.6744464e-01
  -2.0028378e-01  -1.4498019e-01   2.6458518e-01   6.0370841e-01  -1.6736275e-02  -3.2992354e-01   2.9184602e-01  -3.0718374e-01  -9.2709429e-02
   8.4806762e-02  -2.5361135e-01   1.2390585e-01  -3.7699302e-01  -5.0841940e-01   9.5704611e-02   4.1110856e-02  -4.4797519e-01  -1.0182239e-01
  -3.8331681e-03   4.4909759e-02  -3.7796165e-01   2.1096312e-01  -1.3225619e-02  -9.1888421e-02   1.1413587e-02  -2.8538539e-01  -2.4074786e-01
  -4.7769267e-01  -5.4855252e-01   1.2312475e-01  -1.9318217e-01  -6.2622007e-01   1.1071118e-01  -1.2713753e+00   3.2874593e-01   1.8056871e-01
   2.6877081e-01   2.4957348e-01   6.3138695e-01   2.0189143e-01   6.7685671e-02  -1.0961190e+00  -2.5654493e-02   1.4470496e-01  -8.5070678e-01
   3.1390124e-01   2.2643549e-02  -2.0841352e-01   2.5509138e-01  -4.9973190e-02   6.3634498e-01   2.7189117e-01   3.7332206e-01   4.0238158e-01
   1.7741582e-01   1.5007035e-01   3.5068295e-01  -3.0822708e-02  -1.4665974e-01  -7.8013170e-01   1.8681881e-01  -2.5665031e-01   1.3731682e-01
   5.1283742e-01  -1.4639528e-01  -1.9914770e-01  -3.4938779e-01   1.2252966e-01  -2.1433785e-01   2.8026335e-02   2.7168716e-01   2.1346114e-01
   3.2996250e-01  -2.4197271e-01  -4.0455044e-01   2.0305436e-01  -3.5971582e-01   5.9568773e-02  -3.3547792e-01   2.3146464e-01  -1.1928210e-01
  -5.4966851e-02  -1.7703790e-01  -1.2231971e-01  -5.1952000e-02  -6.6189409e-02   2.2786047e-01  -2.9677200e-01  -2.8961076e-01  -9.5995242e-02
  -9.4360633e-02   1.1024054e-01  -5.7420451e-02   2.5206546e-01   2.0438466e-01  -1.0631119e-02  -1.0275151e-01   1.7451734e-01  -9.5911195e-02
   8.5149317e-02   4.3585452e-02  -2.2505211e-01  -1.9968845e-01  -1.8758651e-01   2.3011233e-01   1.3372814e-01  -2.5280125e-01   1.3303929e-01
   1.8366591e-01  -2.7377053e-01   3.9137645e-02   9.4573400e-02   8.2525120e-02  -2.8567984e-01   2.4332518e-01   1.8943342e-01   2.0507043e-01
