  -8.3622600e-02  -1.4260372e-01  -3.6435474e-01  -1.6974066e-01  -3.4047481e-02  -2.7666413e-02  -3.2419767e-01   1.7616072e-01  -1.8029034e-01
   2.1999966e-01  -4.1224215e-03   1.7491979e-01   4.8707657e-01  -1.4943735e-01   9.4920008e-02   4.4380895e-02   6.5467836e-02  -1.4596746e-01
   2.4456854e-01   1.0310876e+00   2.3232214e-02  -4.1462713e-01   8.1180609e-02  -2.4234413e-01  -7.5484984e-02  -1.4944830e-01  -2.0093168e-01
   1.9254300e-01  -5.4204393e-03   4.1426516e-02  -1.2295739e-01   5.9241493e-02  -2.9981683e-02  -1.9065009e-01   2.4189597e-02   9.6343691e-02
   2.0396855e-01   4.8079294e-02  -4.6046708e-02   9.8826204e-02   8.8307509e-02   1.3965502e-02  -9.9493566e-02  -5.8993586e-02  -8.0750306e-03
  -1.0044632e-01   6.1684056e-02  -1.4147785e-01  -1.6095146e-01   4.0815181e-02   3.1299962e-02   8.3802507e-02   4.1766572e-02   4.5748092e-02
  -2.2815699e-01  -4.8663211e-02   3.7431498e-02  -2.9268565e-02  -5.9564315e-02  -2.4719572e-02   1.3154054e-01   4.5945695e-02   4.8815860e-03
  -7.7199276e-02  -1.2724037e-01   2.1926726e-01  -2.4966987e-01   1.5280352e-01   1.8807601e-01  -3.3749389e-01  -2.3659227e-01  -1.8103268e-01
  -1.3363094e-01  -2.0685769e-01   6.3446054e-02  -1.3996900e-02  -1.9353224e-01  -4.0063935e-02   1.7149210e-01   8.3347038e-02   1.5897970e-02
  -1.7627222e-02  -3.7974691e-01   1.7038899e-01   1.4867555e-01  -1.3524453e-02   1.2095637e-01  -1.7475298e-01   8.3827559e-02  -5.1170832e-02
  -6.5044662e-03  -2.9436017e-01  -1.2235078e-01   6.1375015e-02  -1.7707925e-01  -4.8893777e-02   1.6909155e-01  -9.4013903e-02  -8.8537294e-02
   1.4546640e-01   5.7743235e-01  -1.1184715e+00  -1.0152036e-01  -7.2795549e-02   2.9189159e-01  -2.8956143e-01   5.3467574e-01   1.1731160e-02
  -5.9011663e-02  -2.8937872e-01  -2.0673029e-01  -3.0857724e-01   2.6999379e-01   6.3542725e-01   9.3944908e-02  -1.1602104e-01  -1.3574169e-02
   3.3398658e-01   2.0403307e-01  -9.6793178e-02   2.1123704e-01   3.2629654e-01   4.4134608e-02  -1.7865887e-02   2.9774354e-02  -1.5612840e-02
   5.4651741e-02  -6.6164082e-02   1.9195255e-01   8.5571347e-03   7.7544389e-02  -1.2844906e-02  -1.4116487e-01  -1.5789335e-02   8.5596010e-03
  -1.2840211e-01  -3.5006986e-03  -8.3592725e-02  -2.2201128e-01   4.9746508e-02   4.2277502e-02  -5.8667142e-02  -2.9496736e-03   1.4601661e-01
   3.1814680e-01   6.8534314e-02  -1.2436496e-01   6.0248913e-02   1.3675380e-01  -2.8407924e-01  -6.2894330e-02   5.7415463e-02   2.5949204e-02
   3.3159956e-02   3.7920649e-01   1.3142636e-01  -1.1702315e-01   2.9353983e-01  -2.3205865e-02  -9.3903803e-02  -2.5335777e-01   1.8308361e-01
  -1.1704120e+00   4.0854079e-01  -1.1857026e-01   3.3761413e-01   1.4805512e-02   3.1615603e-01  -2.5706062e-01  -7.0180377e-02   2.8701297e-01
   1.9675454e-02   7.2898887e-02   1.1486378e-01  -1.1965792e-01   1.2775161e-01  -3.7898768e-02  -2.0433694e-01  -1.1477720e-01  -3.4710126e-02
   1.6101928e-01  -1.2651672e-01  -3.7349861e-01   2.1892240e-01  -9.2928494e-01   1.8709401e-02  -2.1957599e-01  -6.9399917e-02   1.2496763e-01
   6.0267447e-02   5.2808167e-02  -1.0824622e-01   1.3337352e-02   4.6091882e-02  -8.2989061e-03   4.4748450e-03   1.8955371e-02   2.5087854e-03
  -3.2777021e-01  -1.2480305e-01   1.1552766e-01  -2.6541677e-01  -8.7040598e-02   1.2107926e-01   2.3316298e-02  -6.6880807e-02   5.4647103e-02
   7.7853772e-02   1.6238111e-01   1.7841842e-02  -9.4052748e-03   9.9128552e-02  -8.7115788e-03  -1.0113610e-01   3.8686536e-02  -1.8488173e-02
   3.1253216e-01   9.3168444e-02  -5.8780799e-02   2.2674623e-01   3.1390128e-02  -1.2037786e-01  -1.8640512e-02  -7.3088163e-02  -2.4743067e-01
  -2.3485776e-02   1.4255598e-01   1.7118768e-01  -9.5419944e-02   2.4527850e-01   6.4222216e-02  -2.5324414e-01  -2.1423552e-01  -4.3638120e-02
   2.1324665e-01   7.9520758e-02  -1.6679564e-01   9.9587420e-02   8.6424822e-02  -1.8763287e-01   1.6319358e-02   5.7100443e-02   4.1385148e-02
   2.4584975e-02   1.5022675e-01   2.4500024e-02  -1.8250035e-01   1.9134210e-01   3.9561450e-02  -2.8171328e-01  -1.9238550e-01  -1.7301238e-02
  -1.5383743e-01  -1.7574955e-01   1.1193875e-01  -1.6825025e-01  -2.5779960e-01  -1.4413601e-01   1.4157532e-01  -5.4429971e-02   4.3847351e-02
   2.9092413e-01   2.8343787e-01   4.5842452e-01  -9.2716052e-02  -6.0016090e-01  -5.4596589e-01  -3.2402286e-01  -1.8932211e-01   6.3109291e-01
  -2.9913900e-01   1.9776631e-01  -7.4661216e-01  -2.7308075e-02  -3.7640592e-03   2.9372150e-01   2.6990747e-01  -4.6110141e-02   3.3279029e-02
  -3.6150471e-01  -1.2763123e-01   1.2255991e-01  -2.3878746e-01  -4.4960174e-02   1.7761826e-01   7.2050335e-02   2.4048297e-02   8.1449930e-02
  -1.5958401e-01  -7.4036089e-02   2.4425846e-02  -1.0280632e-01  -1.0464787e-02   1.1337030e-01   5.7095385e-02   2.3880183e-02  -1.1885731e-02
  -9.7334000e-01  -1.2470896e+00  -1.2357947e-01  -5.5417363e-01  -1.5595963e-01   7.1065199e-01  -5.8812539e-01   4.2529984e-01  -2.0249827e-04
  -7.9095247e-02  -4.5175721e-02  -1.2994795e-01  -6.5363723e-02   1.2192066e-02   8.2230749e-02   7.9668243e-02   2.3206140e-02   4.1515129e-02
  -1.1715394e-01   3.1575256e-03   3.7090724e-04  -2.0478463e-01   7.0385653e-02   2.8305757e-02  -1.6020417e-01  -9.0699653e-03   1.3465024e-02
   4.5854638e-03   1.0727635e-01   1.8369534e-01   3.1656100e-02  -1.1265659e-01  -1.5481895e-01  -5.4773309e-02  -1.2334771e-03   8.8957784e-04
   1.8527534e-01   2.1085367e-01   5.4215534e-02   2.9281058e-01   7.2016140e-02   1.3381150e-01  -8.4982646e-02   3.2937642e-02  -8.7201011e-02
  -4.7109308e-01  -7.6007905e-01  -3.3055539e-01   2.9621394e-01   4.4992661e-01   2.2555039e-01   5.6652451e-01  -6.3540217e-01  -8.8954314e-02
  -5.3165474e-01  -2.9145756e-01   2.2700568e-01   9.6898016e-02   2.7106281e-01  -1.3424447e+00  -4.2791606e-01   5.8905166e-01   2.8926896e-01
  -5.8618792e-02  -4.6479914e-01   9.7405175e-03   7.9962894e-02  -7.8543526e-02   8.8485408e-02   4.2086640e-02   4.1636816e-02  -1.2895692e-01
   3.6763227e-01  -4.7099666e-02   2.9895663e-01   6.3122498e-02  -6.2458562e-01  -2.3964899e-03  -3.1457382e-01  -4.2896811e-01   7.7335094e-02
  -3.9489376e-03   8.4353182e-03  -1.6921084e-01   7.4333747e-02  -1.3938902e-01  -9.1338667e-03   2.0428768e-01   7.0353271e-02   4.7646227e-02
  -1.0945610e-01  -4.6205982e-02  -1.6085200e-02  -1.2526103e-01  -4.5006909e-02  -2.3810158e-02   2.8689566e-02  -3.7713117e-02   1.0616589e-02
  -3.5667838e-01  -7.6843387e-01   1.3434627e+00   3.0719755e-02  -7.2301197e-01  -2.8821034e-02  -3.6908942e-01  -2.3378791e-01   1.6681174e-01
  -3.3208986e-02   8.5420495e-03  -1.0648186e-01   2.5683737e-02  -1.2683715e-01   3.6694102e-03   1.6908697e-01   9.7072744e-02   6.7475658e-02
