  -4.8875040e-01  -5.2986381e-01  -1.7246723e-01   2.2481885e-01  -2.8347253e-01  -2.8856180e-01   3.3980473e-01  -5.6836795e-01  -6.8712287e-01   4.2728477e-01  -2.8662711e-01   4.1112891e-01   2.2699538e-02  -3.0475437e-01  -4.6860306e-01  -9.0597020e-02  -1.2981439e-01   5.0038184e-01  -5.1176572e-01  -5.1971912e-02  -8.1492892e-01  -4.5900356e-01   2.8700266e-01   2.8446335e-01  -1.9336645e-01  -7.8138140e-01  -2.0362803e-01  -2.6130487e-01   6.9379134e-02   3.8381511e-01   4.3131921e-01  -1.1014061e-01  -1.8821327e-01  -5.6175836e-01  -4.0255568e-01   2.4811875e-01   1.8657742e-01
  -1.7361557e-01   3.4901463e-01   4.3455465e-02  -1.2651146e-01  -6.2935765e-02   1.0684978e-01  -1.0492908e-01   1.5147181e-01   2.6594810e-01   1.0504726e-01   4.4018880e-02  -1.4319321e-01   5.8404367e-02  -2.3831836e-01   1.5807345e-01   8.4674902e-02  -2.3113247e-03  -5.9853946e-02   7.6044838e-02   6.3182777e-02   4.3091083e-02   1.6584805e-01  -1.5222015e-02  -6.8571922e-02   1.7652791e-01   3.5232990e-01   1.9408472e-01   1.5635073e-01   1.3987099e-01  -1.3446986e-01  -1.6032529e-01  -1.1822958e-01   4.9950338e-02   1.5735066e-01  -8.0336265e-02   9.8909993e-02  -6.8214165e-02
   1.4991888e-02   2.8879381e-02   1.7572529e-02  -2.1293799e-02  -2.4398193e-02  -4.5896608e-03  -1.6734244e-02   2.2335398e-03   7.9933778e-02   3.7885806e-02  -6.4682508e-03  -2.5398424e-02   1.5875828e-02   1.0353169e-01   5.4345858e-02   3.8623168e-02  -1.0432016e-02  -6.0358245e-02   7.8292419e-02   1.7607745e-02   1.7457097e-02   1.4745906e-02   8.8676179e-02   2.3361968e-02   4.2943722e-02   7.1893112e-02   7.0187889e-03   2.3717552e-02  -8.4410811e-02  -5.3365821e-02   1.1370047e-02  -2.3385646e-02   3.9077695e-03   1.1044050e-02  -2.9450444e-02   4.1903926e-02   1.2043766e-02
   5.5758105e-03  -4.1437028e-03   3.7898222e-03   1.0209919e-03   5.2900547e-03  -4.7535893e-03   1.2505011e-02  -1.4933357e-02  -2.7298779e-02  -1.3347860e-02  -2.2478163e-03   1.0425656e-02  -3.1375251e-03  -2.6743230e-02  -2.0043031e-02  -4.6452473e-03  -6.6835812e-03   3.3325532e-02  -1.2240176e-02  -1.4143327e-02  -4.2543926e-03  -1.1432771e-02  -2.5533797e-02  -1.0859473e-02  -5.1186558e-03  -2.5085902e-02  -8.7723828e-03  -1.4386760e-02   1.7343441e-02   1.6564005e-02   9.4811924e-03   4.2797847e-03  -9.8461769e-03  -1.8109462e-03   5.5932091e-03   2.5948115e-03  -2.7110934e-03
  -6.4004058e-02   5.4069688e-02  -9.7521530e-04  -1.0566392e-02   2.8410953e-02   5.4338965e-03  -2.9145372e-02   5.4128803e-02   5.7531670e-02   8.2859757e-03   1.0629938e-02   1.1799971e-02   9.8542076e-03   4.7658845e-03   4.4216299e-02   1.8515169e-02  -1.9186498e-02  -4.8084667e-02   2.1422017e-02   5.7442372e-02   2.3211958e-02   6.8931250e-02  -3.0205545e-02  -7.8114014e-03   3.6317104e-02   6.9505823e-02   5.2770661e-02   3.4728979e-02   2.0108357e-02  -3.3593348e-02  -3.2303401e-02   1.1725480e-02   4.6910241e-03   1.3398177e-02   1.2038596e-04   1.4461368e-02   4.9483649e-03
  -6.1461769e-01   2.0796578e-01   1.5800291e-01  -1.1387150e-01   3.2331557e-02   2.3548112e-01  -1.0255583e-01   1.5887875e-01   4.5248665e-01  -3.0165840e-01   1.5684284e-01  -1.7750347e-01  -9.6708996e-02   6.7641889e-01   1.9114672e-01  -1.3566964e-01   1.8997510e-02   1.4559047e-01   8.2907077e-01  -1.4868140e-01   1.5079574e-02  -4.4176712e-01   4.4583811e-01  -3.3738605e-01   5.7542431e-01   6.0250784e-01   1.7632994e-01   3.3325836e-01  -2.6747019e-01   8.0190944e-02   2.6439836e-01   1.0681489e-01   1.4711505e-01   1.7052718e-01  -1.1926228e-01  -9.2008826e-02  -6.7377858e-02
  -1.9569947e-02  -3.6115061e-02   3.4779906e-02  -1.4937964e-02   3.6679823e-03  -1.7012891e-02   2.3411881e-02  -1.1490839e-01  -2.0672661e-02   1.0326866e-02  -6.2428209e-03   8.7510129e-03   7.9189672e-03   3.1486089e-03  -2.9678083e-02   9.4889329e-03  -3.4147907e-02   1.4263654e-01   9.3009805e-03  -4.6535966e-02   6.4696427e-02  -4.6077406e-02  -5.3917441e-03  -1.3707412e-02   3.0411790e-02  -1.9269799e-02  -3.0683049e-02   3.7293091e-03   2.1990364e-02   6.8609991e-02   5.8181072e-02   4.3572918e-04  -2.3480430e-02  -6.8890237e-03  -1.5996993e-02   4.4282557e-02  -3.5276879e-03
  -2.6109519e-02   1.1960201e-02  -1.2843658e-02   2.7704304e-03  -1.4856305e-02   7.6292261e-03  -2.5550896e-02   5.3685500e-02   3.7272928e-02   5.5345526e-03   1.4253311e-02  -1.3397278e-02   3.5759177e-03   2.9984353e-02   3.0681212e-02  -5.0463740e-03   1.8907166e-02  -7.3785529e-02   1.7011421e-02   2.5941357e-02  -2.7731209e-03   2.5796779e-02   2.7482529e-02   4.4584517e-03   5.9766677e-03   3.1930787e-02   1.7475885e-02   1.8662045e-02  -1.4770431e-02  -3.4589412e-02  -3.7434810e-02  -3.8493191e-03   1.1652724e-02  -1.4707268e-05  -2.4213259e-03  -1.3773930e-02   9.4190153e-03
  -2.5964908e-03  -2.5788217e-02   8.2049623e-03   7.7640975e-03   2.9023506e-02  -1.0711713e-02   2.4267712e-02  -3.4254475e-02  -6.1095187e-02  -3.6936388e-02  -1.1005777e-03   3.6459251e-02  -8.7474720e-03  -9.9686180e-02  -4.6529068e-02   1.5895121e-02  -2.3122784e-02   1.0181440e-01  -6.8300759e-02  -2.0804974e-02  -7.0405802e-03  -1.3953816e-02  -1.0000065e-01  -2.2183231e-02  -4.5328246e-02  -6.6508472e-02  -1.5493914e-02  -1.6693139e-02   6.4016350e-02   4.8344398e-02   3.2018925e-03   8.6698420e-03  -5.8387376e-03   4.7559112e-03   2.0687632e-02  -1.5272437e-02  -1.6437791e-02
   2.6841303e-02   3.7026908e-03  -5.9329802e-03   1.9427964e-02   2.9395111e-02   1.3023818e-03   4.6385309e-03  -1.2124756e-02  -2.4351098e-02   3.0870813e-04   6.7557897e-03   1.4172323e-03  -1.4705951e-02  -2.0820197e-02  -2.6994293e-02  -2.2661397e-03   1.8860075e-02   1.0006552e-02  -2.3249850e-02  -1.7369874e-02  -2.2403378e-05  -7.6646490e-03   5.4360345e-03  -5.3207469e-03  -1.3204221e-02  -4.2043932e-02  -9.2373085e-03  -5.3302842e-03   2.4445958e-02   3.2024227e-02   2.4884764e-02   1.9211757e-04  -4.8879130e-03  -8.8055597e-03   2.8858159e-03  -1.0594339e-02  -1.7438353e-02
   3.0812495e-01   8.4844313e-02  -1.6646655e-01   1.3529755e-01   1.8305601e-01   8.3323213e-02   1.6934022e-01   4.6565338e-01  -5.5894821e-02  -2.5709364e-01   7.2219405e-02   9.4761199e-02  -2.2659408e-01   1.1562251e-01  -2.3513523e-01   1.7336128e-01  -4.3618116e-01   1.2545995e-01  -2.0724457e-01  -3.6799711e-01  -2.8626270e-02   2.2198659e-01  -6.5231290e-01  -1.3664432e-01   3.2178834e-02  -2.2795743e-01  -2.3704040e-01  -4.6326453e-01   1.3613854e-01  -8.5053724e-02   4.2903271e-01   2.1018508e-01  -3.5914753e-02   8.2346906e-02   2.9410759e-01  -1.2261165e-01  -8.1751173e-02
  -1.1162286e-01   1.0827716e-03  -2.0496747e-02  -4.0434128e-02   1.3476132e-01   1.1841240e-01   4.6245359e-02   6.6615907e-02   4.5182960e-02  -1.5991916e-01   7.3936366e-02  -9.5718344e-02  -1.5223206e-02  -3.0545844e-01  -1.3494162e-01   7.8489513e-02  -1.5720947e-01   4.3516953e-02  -3.1978610e-01  -8.8649228e-02  -6.1031606e-02  -1.6198718e-01  -2.2767612e-01  -1.4368148e-01   6.8098450e-02  -5.8016829e-02  -5.7631709e-02  -1.6816483e-01  -1.6809248e-02   1.1268316e-02   2.2314801e-01   8.4696812e-02   3.8851188e-02  -1.6446948e-02   5.4949148e-02   2.9023151e-02  -1.1708853e-01
   3.6434008e-04   9.9172853e-02   6.2291039e-03   1.5223676e-02   7.9375536e-02   8.9921142e-04   7.4087829e-03  -6.6520914e-02  -9.2158500e-02  -5.5748853e-02   1.6658310e-02   3.0046207e-02   1.3535537e-02  -1.7664469e-01  -9.4112925e-02  -2.6611743e-03  -1.3022233e-02   3.4478534e-01  -1.8412670e-01  -3.3258607e-02  -1.7528382e-01   4.0087805e-03  -8.7748035e-02  -6.1279297e-02  -7.4265703e-02  -1.3392321e-01   2.8490788e-02  -4.8950821e-02   2.5425219e-01   1.2463314e-01  -5.2496388e-02   3.2273630e-02  -1.5486630e-02  -5.8597949e-02   8.8870068e-02   6.2589159e-02  -4.5037526e-02
  -1.0293048e-02  -4.2533666e-03  -8.5331049e-03   1.5463987e-02   5.5403184e-03   3.9543136e-03   5.0814103e-04   4.2879001e-03  -7.3426633e-03   2.9972959e-03   7.6497851e-03  -6.6154693e-03  -1.1345421e-02   7.3184860e-04   7.7739484e-03  -1.7683654e-02   1.3082790e-02  -1.9018578e-02  -1.1678694e-02   1.2856049e-03   5.8668515e-03   1.1362487e-02   2.7497720e-03   1.5772012e-02   5.5789763e-03   1.1493050e-02   2.7677620e-04   7.7234222e-03  -4.0970982e-03   4.3537411e-03  -1.3969876e-02   5.9172551e-03   7.3081184e-03  -9.6449250e-03   4.2352550e-03  -1.3255587e-02   8.7750394e-03
  -7.8366300e-02  -1.8618226e-01  -6.8971923e-02   7.8348659e-02   6.1699476e-02  -8.4677020e-02  -6.3793283e-02   2.1545382e-01   1.5123230e-01  -9.3577866e-02   1.3452873e-01   3.0209853e-02   1.0787349e-02   1.6532767e-01  -3.2051078e-02  -8.0603848e-03   1.0987805e-01  -2.3135393e-01   2.5775197e-01  -1.4338564e-02   2.6988856e-02   3.7889077e-01  -3.4660405e-02   2.2170337e-01  -7.9852662e-02  -2.9285713e-01  -1.1401941e-01   1.2976756e-01   5.6419648e-02   2.8108780e-02   1.5296348e-01   2.2679371e-02   3.0816137e-02  -8.6953316e-02  -8.1915461e-02  -1.5688607e-01   9.7287761e-02
   9.7467243e-02  -1.2265194e-03  -1.6115886e-02  -1.2234660e-02  -6.5495944e-03   3.9322285e-02   3.5615570e-02   6.7320017e-02   2.2223314e-02  -4.1751654e-02   3.1252807e-02   3.1580248e-03  -2.5888818e-02  -5.3746696e-02  -1.1471571e-03   5.4727167e-03  -1.0273165e-02   9.2796418e-03   9.5509697e-02  -4.2840960e-02  -4.7300347e-03   6.3687583e-03  -2.0079693e-02  -1.6615282e-02   2.9948946e-02  -5.2867696e-03  -3.7188203e-02   4.8785138e-03  -8.3087069e-02  -3.7271053e-03   5.6779310e-02  -2.3731610e-02   2.7765348e-02   1.0296322e-02  -2.9399434e-02   8.4764136e-05  -3.5438208e-04
  -1.8107021e-02   7.9545224e-03   5.9114266e-03  -1.2073664e-02  -1.3752142e-02   1.7661249e-03  -2.0411878e-02   1.4757470e-02   3.5987720e-02   1.3685836e-02   3.6038030e-03  -1.7484823e-02   1.0010949e-02   3.6720449e-02   2.2825944e-02   1.0325468e-03   9.6796000e-03  -3.7733978e-02   2.4933703e-02   8.5250393e-03   7.9266424e-03   1.5536439e-02   2.6964882e-02   6.9356952e-05   1.7855493e-02   3.2732029e-02   2.2230019e-03   1.4124819e-02  -2.2466781e-02  -2.6643342e-02  -1.7396838e-02  -7.2357819e-03   4.1593301e-03  -3.2728875e-04  -7.7225741e-03   8.2537356e-03   9.7310875e-03
  -2.9126235e-02   1.0168671e-02   1.1129544e-02  -4.3715598e-02  -4.5536597e-02  -1.1430731e-02  -3.1579861e-02   2.9122708e-02   4.9065135e-02  -2.3224051e-02   1.6204461e-02  -1.5124722e-02   3.7062316e-02   5.2305716e-02   3.6552755e-02   1.4594595e-02  -1.7009446e-02  -3.8596096e-02   7.6239875e-02   1.2428934e-02   2.2040612e-02   2.3356111e-02   4.2222945e-02  -1.7168018e-02   1.0567589e-02   3.8529993e-02   1.1473028e-02   2.3255643e-02  -5.8841885e-02  -6.9299435e-02  -3.1390325e-02   1.4224056e-04  -6.8386618e-04   6.1726674e-03  -2.9410272e-02   4.5294344e-02   1.4195828e-02
  -1.5160331e-03   1.4078634e-02   1.9174440e-03  -1.1783608e-02  -3.2503545e-02   5.4427759e-03  -2.5528218e-02   3.3937481e-02   7.0217497e-02   2.6328303e-02   1.4230121e-03  -2.0899517e-02   5.6372794e-03   8.6426338e-02   4.6179857e-02   3.1039212e-03   1.2417418e-02  -1.1270295e-01   8.1244554e-02   1.8981761e-02   1.5157768e-02   1.1137210e-02   9.4256043e-02   2.0183366e-02   3.3516727e-02   7.3463182e-02   8.5396825e-03   1.1701193e-02  -8.4549420e-02  -5.1758285e-02  -1.2733814e-02  -1.8744371e-02   5.5405540e-03   4.8932292e-03  -2.2034807e-02   2.0453752e-02   2.0115700e-02
  -3.1794923e-02   5.2671952e-03   2.6102158e-03  -8.2492554e-03  -1.6474337e-02   6.9289491e-03  -1.8882120e-02   2.7575517e-02   2.9013967e-02   1.4012504e-02  -4.1961294e-03  -2.7545031e-02   3.2680676e-03   3.6618064e-02  -5.0927795e-03  -2.3058990e-02   1.9764947e-02  -4.9467038e-02   1.1551761e-02   2.3359987e-03   1.4757983e-02   1.7620424e-02   1.3801853e-02  -8.5108449e-03   1.3156709e-02   3.4848771e-02   1.0830799e-02   7.4108184e-03   1.4275184e-02  -2.8125921e-02  -2.2580361e-02   1.0178008e-03  -3.4714940e-03   6.2027759e-03   1.3918847e-02  -7.9364279e-03   6.6535280e-03
   8.6574009e-03   1.8625385e-02  -7.8905240e-03  -7.7493226e-03  -3.4756865e-02   7.7790703e-03  -2.7154921e-02   7.4597412e-02   5.8589757e-02   8.4620534e-03   9.2184065e-03  -2.7488288e-02   8.9912014e-03   2.1836021e-02   3.2577057e-02   1.3669583e-02   2.6950162e-02  -1.0759285e-01   3.8174644e-02   4.6311306e-02  -2.9716339e-02   1.4350660e-02   5.6877667e-02   2.5025415e-02  -1.5664076e-02   2.3472968e-02   7.1934466e-03   2.4795250e-02  -4.9178711e-02  -4.8491550e-02  -3.5015937e-02  -3.2437785e-02   2.2065085e-02  -1.8564289e-03  -1.4396249e-02  -1.8912284e-02   1.2165883e-02
  -3.4793958e-02   5.8927324e-02   5.0972916e-02   1.3832314e-02   1.2811774e-01  -2.1542805e-02   7.1449462e-03   3.9398029e-02  -1.2013843e-01   2.6052111e-02  -8.5751481e-02   8.1893874e-02  -1.9859617e-02  -1.9916264e-01  -6.0033226e-02  -1.3251892e-01   5.5708968e-02   6.6620469e-03  -1.1728888e-01   7.1254013e-02  -8.0436225e-02   3.2477523e-02  -1.2586455e-01  -1.5191340e-02  -8.7411912e-02  -1.1921205e-01  -2.5408330e-02  -5.4636873e-02   9.8990106e-02   7.9920597e-02  -1.7554759e-02   6.0829172e-02   5.1802043e-03  -6.2189371e-02   6.8484903e-03  -4.7235431e-02   6.7657270e-03
  -6.6262795e-03  -5.6237322e-03   3.5168730e-03   7.8434333e-04   8.4187067e-03  -6.2357605e-03   8.2668670e-03  -1.6805488e-02  -3.4264695e-02  -1.5927258e-02  -5.8239017e-03   1.3567718e-02  -3.9261652e-03  -2.8515106e-02  -2.4655715e-02  -1.3247093e-02  -8.7001347e-04   3.5841811e-02  -2.3554473e-02  -2.0672498e-02  -8.9047242e-03  -1.0809210e-02  -3.1613034e-02  -1.6687845e-02  -7.3955293e-03  -3.3575652e-02  -5.4533854e-03  -1.9382728e-02   3.3776644e-02   1.9246018e-02   6.8974277e-03   6.2782308e-03  -1.4256504e-02  -3.6757693e-03   7.6768373e-03   6.3824341e-04  -4.0957453e-03
   2.5101375e-02   5.1831346e-03  -5.7546790e-03   6.0968234e-03  -2.9374732e-04   3.1838116e-03   2.6418627e-03   1.6094360e-02   1.8625144e-02   1.0239026e-02   1.2909181e-02  -5.1764813e-03  -6.2831694e-03   2.8310279e-02   2.6969393e-02   1.8645184e-02  -6.5090620e-03  -3.6849719e-02   2.5095522e-02   1.1968534e-02   1.3079369e-02   1.0362441e-02   4.0179347e-02   2.3633015e-02   6.4049549e-03   2.8539279e-02   2.6356437e-03   2.2790138e-02  -3.9647389e-02  -1.1418278e-02   5.1523706e-03  -1.0177898e-02   8.1009471e-03  -5.8385697e-05  -1.2039360e-02   7.5635062e-03   6.2504868e-03
  -2.4912922e-01   5.6219818e-01   7.0639191e-02  -1.0779229e-01   2.5711109e-01   1.2851162e-01  -1.8549318e-01   1.1771528e-01   3.6667603e-01  -1.0894736e-02   1.5119826e-01  -3.5638348e-01   3.6829198e-02  -1.5812407e-01   6.5501376e-02  -2.4806671e-02   1.1836417e-01   4.0963735e-02   1.0764452e-01   2.3151606e-01   5.6400102e-01   4.4277065e-01  -3.9389621e-01  -6.5091132e-02   3.7192579e-01   4.3345818e-01  -1.3601384e-02   2.2864466e-01   3.6948730e-01   1.6256347e-01  -2.5750205e-01   4.5905475e-02   5.4628960e-02   2.3723453e-01   6.3636669e-02   8.3436866e-02  -7.6606166e-02
  -4.1600373e-02   2.6670064e-02   9.2933556e-03  -2.6179365e-02  -5.7366671e-02   1.6565238e-03  -1.6525769e-02   4.2605976e-02   1.0389837e-01   4.9676292e-02   2.5387000e-04  -4.2155241e-02   3.9301595e-03   8.7300926e-02   7.2058421e-02   2.6691779e-02  -1.5093593e-02  -1.2923380e-01   1.1075647e-01   4.0550108e-02   8.6970139e-02  -2.4807202e-03   1.0286208e-01   2.1384230e-02   7.3606648e-02   1.3103602e-01   1.0950444e-02   2.7133810e-02  -1.3628275e-01  -9.1900743e-02   1.6968480e-02  -3.3661427e-02   1.1381621e-02   1.3877964e-02  -3.2996302e-02   2.3563177e-02   2.7214625e-02
   6.4482713e-02  -6.0042094e-02   1.8607140e-02   8.6542498e-03   6.4274737e-03   2.5273343e-02  -6.9092201e-03   1.0563415e-01   4.5604038e-02  -2.6691957e-03   2.5557332e-02   2.8300599e-02  -3.1172006e-02   9.3699258e-02   7.0831860e-02  -3.8388028e-02   3.3322318e-02  -6.5420489e-02   1.0366168e-01  -1.5845299e-02  -4.3179453e-02   2.8691789e-02   5.3248175e-02   9.2781707e-03   1.8719892e-02   2.4352610e-02  -3.6113396e-02   8.3060473e-02  -1.6842462e-01  -6.7075211e-02   3.8742255e-02   8.3614547e-03   4.1363372e-02   7.3333919e-03  -5.8028790e-02   4.8208391e-03   5.6605398e-02
