   4.0344213e-01
  -5.7143527e-02
  -2.8926733e-02
   1.3745897e+00
  -2.6913221e-02
  -3.3736739e-03
   7.1923271e-03
   1.4837743e-01
   1.4996420e-01
   4.7942749e-03
  -1.5290499e-01
   1.3145965e-01
  -3.8673285e-02
   3.5989300e-01
   7.6454014e-02
   2.5045144e-02
   3.9561323e-01
  -1.3106447e-02
   6.9333863e-02
  -1.0299563e-01
  -1.5156024e-01
  -3.7585452e-01
  -1.0276500e-01
   1.1075265e-01
  -1.3091416e-01
  -5.2600842e-02
   1.0590290e-02
  -2.6961436e-01
   5.5863306e-01
  -3.4687187e-01
  -2.3499391e-01
  -1.3501889e-01
   3.1503443e-01
   1.4989514e-01
  -4.7498545e-02
