  -3.7805341e-01
  -1.9079889e-01
  -2.0978209e-01
  -7.6668256e-01
  -9.7623758e-01
  -2.4466058e-01
  -6.0676428e-01
   5.9223265e-02
   7.7924542e-01
  -5.5056768e-02
   3.6219670e-01
   6.1410441e-01
  -1.0577730e+00
  -6.7640868e-01
   2.2862954e-01
  -4.4395375e-02
   7.2872359e-02
  -1.3677082e-02
  -4.3102771e-01
   2.5094194e-01
   1.2597705e-01
  -1.8713547e-01
   1.7335494e-01
   6.8802216e-03
   5.1536032e-01
  -1.4242312e-01
  -2.8185406e-01
   4.4238481e-01
  -6.1912114e-02
   1.6667933e-01
  -3.5445649e-01
  -2.1165911e-01
   2.3417474e-01
   4.1530604e-01
  -1.7655925e-01
   1.1891103e-01
