  -7.6524781e-02  -7.7673731e-02   1.3997382e-01  -2.1804081e-01  -9.2157082e-02  -5.6387858e-02   1.4932413e-01   9.7468358e-02   6.9276641e-03  -6.0728347e-04  -1.4312442e-02  -5.2296638e-02   3.4612853e-02   2.4036361e-01  -1.3870752e-02  -4.7271599e-02  -1.4913026e-01   2.4357406e-02  -8.9767514e-03  -7.6006797e-02  -1.4935815e-01  -1.3436539e-02  -9.5887292e-02   8.6982781e-02  -3.0125126e-02  -3.0430057e-04   1.0332852e-01
  -3.8926743e-02  -1.6213336e-01  -8.3796622e-02  -1.8601544e-01   8.7108780e-02   2.3066020e-02   7.5463621e-02  -7.0838320e-03   4.3852376e-03   1.9282954e-02  -1.9686953e-01   5.2851751e-02  -6.8712301e-02   2.8502101e-02   3.4207501e-02   5.9592041e-02   1.9386930e-01  -2.4637966e-01  -1.0541534e-01  -1.0891882e-02  -3.9438719e-03   8.0917612e-02   9.4370220e-03   8.6026208e-02  -9.7713650e-02   2.8453131e-02   1.7647892e-01
  -8.6587102e-02  -3.9673662e-02   1.3989834e-01  -1.1035182e-01  -1.5750220e-01   4.1465572e-01  -7.6209636e-02   6.3672726e-02  -6.8933652e-03  -2.6662628e-01  -7.5440535e-02  -1.0427537e-01   2.4318688e-01  -2.3395119e-01   1.2971217e-01  -2.6347376e-01   2.9190157e-02   2.8930440e-02   5.8786366e-01   8.7205035e-02   3.7100031e-01  -1.6544050e-02  -7.0104309e-02   5.8939580e-02   8.1194567e-02  -1.8202784e-01   1.1463348e-02
  -2.8027178e-02  -1.0711754e-02  -3.3252350e-02  -1.4811982e-02  -7.8148212e-02  -5.2256031e-02  -3.9906724e-02  -4.2784498e-02   3.7282494e-02   2.0069944e-02   6.4607631e-02   6.0849165e-03  -3.1501043e-02   6.1615224e-03  -7.0058276e-02   1.1379361e-02   1.6203828e-02   4.4340126e-02  -2.0246328e-03  -2.1440139e-02   1.3544731e-02  -7.3355510e-02   4.6313306e-02  -5.1376760e-02  -1.9046156e-02  -2.5391473e-02  -1.5503067e-02
   9.6482497e-03  -8.1551294e-03   2.5987097e-02   1.9307097e-02   2.1367049e-02  -4.5416638e-03   3.7937840e-02  -1.2529654e-02   8.2946451e-04   8.0930171e-03  -9.0772824e-03  -1.9782376e-02   4.5824333e-02   7.1182192e-02   2.2379335e-02   1.2951260e-02  -6.4399711e-02   7.2573518e-02  -1.8027482e-02   8.3038960e-03  -4.9697144e-02  -6.4083885e-04  -2.3139701e-03  -3.7241798e-02   2.8004673e-02  -2.0717332e-02  -9.3092528e-03
  -9.6362222e-02   7.9734857e-02   5.8351342e-02  -3.1208738e-01   4.4834002e-01  -1.2888594e-01   3.3892116e-01   1.7671102e-01   2.4348938e-01  -6.2592840e-02  -2.6863878e-01  -2.1260458e-01   4.8496974e-02   8.4977783e-02   1.1887976e-01  -2.5952834e-01  -1.0643043e-01  -2.5978758e-01  -9.5485678e-02  -5.8330929e-02  -3.6031892e-01  -2.1969946e-02   6.3810067e-02   3.9609023e-02   2.0381107e-01   1.7205824e-01   6.0514106e-02
   1.2656703e-01   5.9120450e-02   3.4219325e-01   8.6772678e-02  -1.6424725e-01   1.3837106e-01  -6.2411876e-02  -5.6330798e-02  -2.2785393e-01  -1.0210733e-02  -3.5597421e-02  -1.8236342e-01   1.9528050e-02   5.6207355e-02   2.3054160e-03   2.9692934e-02  -3.2970034e-01  -7.0297655e-02  -6.7572266e-02  -3.1069707e-01  -2.8469622e-01   2.4213443e-01   1.5384353e-01   5.8153239e-02   1.0823844e-01  -3.6300150e-02  -2.8568951e-02
  -7.4311521e-02  -1.2020275e-02   1.6728993e-01  -3.2423419e-02  -1.2854349e-01   1.6918427e-02  -8.0168441e-03   1.7101485e-02   1.9718828e-02   3.4087934e-02  -2.3553120e-02   8.2443131e-02   6.6801928e-02  -1.3660932e-02   2.9073096e-02   5.9537291e-02  -3.4971130e-01   2.0694922e-02  -3.0003749e-02   2.7485366e-02  -1.8434611e-01  -2.1302937e-01   1.0936322e-01  -5.0474374e-02   2.2894540e-03  -1.0039819e-02  -1.3016892e-03
   1.7578740e-01   3.6205404e-01   8.0292726e-02   5.2817432e-01  -5.4814950e-01  -4.0338602e-01  -7.0521701e-02   1.2457166e-01   1.7900087e-01   5.5988888e-02   2.2200793e-02  -8.4059697e-02  -1.1480835e-01   3.5798401e-01  -8.6398107e-02  -9.1533228e-02  -5.7918093e-01   2.6460448e-01  -2.3850800e-01   8.5481280e-02  -1.2546240e-01  -8.3198413e-02  -1.9880344e-01   7.4845605e-02   1.1461497e-01  -1.6322414e-02  -1.3852524e-01
  -2.8022166e-01   3.3254875e-01   1.6138645e-01  -1.5394725e-01   4.5137909e-01   2.9331847e-01   4.3015877e-01   5.6691691e-01  -5.0713301e-02  -3.7704843e-01  -3.7257536e-02  -1.5330953e-01  -1.0029621e-01   1.8919305e-01  -5.6561406e-02   8.7964304e-02   8.6300485e-02  -2.4258386e-01  -3.7821261e-01   2.4759433e-03   1.4990559e-01  -4.6607905e-02  -2.3920930e-01   1.6010437e-02   1.8068851e-01   1.7251470e-01  -9.8199442e-03
   1.0402054e-02  -1.1831445e-01   5.4666499e-02  -2.1959897e-01  -3.5780978e-01   6.9941833e-02  -1.3287764e-01  -3.7311598e-02   6.0225417e-02   1.6515066e-01  -5.3987751e-01  -5.5374729e-02   1.0283076e-01   5.8975273e-02  -1.4984080e-01   2.2836334e-01   4.4121254e-01   1.0979992e-01  -1.1737764e-01  -7.8064090e-02   1.9011025e-01  -1.3414739e-01  -2.9424280e-01   5.2094337e-01  -4.4063756e-03  -4.4437259e-02   3.2641445e-01
  -1.4524518e-01   4.3430331e-01   7.4852283e-02  -7.1603140e-02   4.5239352e-01  -9.6190526e-02   4.2707651e-01   3.3297373e-01   4.0022275e-01  -1.1602500e-01   5.3110435e-02  -2.5134679e-01  -8.3730513e-04  -3.3247897e-01   1.4786671e-01  -3.6681005e-01   2.1126337e-01   1.2303234e-02  -4.2476923e-01   3.0926732e-01  -1.1367842e-01  -5.2354978e-01  -2.3644683e-01  -1.0881297e-01   2.6903786e-01   1.9816588e-01   1.4713555e-01
  -1.7314713e-01  -4.2000612e-02   6.3604037e-02  -2.9495390e-01   4.6282273e-01  -8.3245769e-02  -1.5209047e-01  -2.1157392e-02   1.4684442e-01  -9.3843063e-02  -1.7832177e-01   1.5261771e-01  -3.0776730e-01   1.8842645e-01   1.7429539e-01   1.5371096e-01   4.2583596e-01  -5.1962429e-01  -1.2245197e-01  -2.5324563e-01   1.7924899e-01  -1.2592217e-01   1.5372605e-01  -3.3902861e-01   1.9464587e-02  -3.2947635e-01   4.5221207e-01
  -1.1890135e-01   2.9161308e-01   2.2715980e-01   9.9295497e-02   1.5378303e-01   9.0098847e-02  -2.1901304e-02   2.6914796e-01  -1.5121983e-01  -1.4116311e-02   6.3376634e-01   1.0951500e-02  -1.5907971e-01  -1.1054877e-01  -1.2253583e-01  -2.5227531e-02   4.6549165e-01  -1.3121249e-01   1.1093118e-01   2.4421902e-01   4.0060481e-01   2.1808338e-01  -2.4805669e-01  -2.9915414e-01  -2.3580542e-02   2.2840258e-01  -1.8581760e-01
  -2.9093048e-01   2.6616757e-01   3.0524352e-01  -6.5071792e-02   1.2809023e-01   1.8698728e-01  -1.2428857e-01   4.7903244e-01   4.2627292e-02  -3.2480130e-01   7.8316341e-02  -1.1278185e-01   6.6735936e-01  -3.4866523e-02  -2.2200681e-01   8.7387326e-02  -9.4764979e-01   4.1614718e-01   1.6740513e-01  -1.0627788e-02  -2.9981496e-01  -3.4730211e-01   2.6933572e-01  -7.9068721e-02   2.2054085e-01   1.1015793e-01  -2.6733727e-02
  -9.4680996e-02   1.1712595e-02   7.6953580e-02   4.7246100e-03   1.3343153e-01   5.4064089e-02   8.6878003e-02   2.8625778e-02   5.4524966e-02  -4.3024546e-02   3.2647469e-02  -9.2357906e-02   1.9104707e-01  -5.3084676e-02   3.9854659e-03   4.7596573e-04  -3.2392885e-01   2.3388007e-01   1.1170003e-01   5.7643089e-02  -1.4720431e-01  -3.5589886e-02   1.2541794e-01  -8.6430964e-02   8.6954398e-02  -5.7659229e-03  -8.9726699e-02
   1.9744595e-01   1.8086532e-01  -6.4095827e-02   1.6327893e-01  -2.3931861e-01  -7.2824123e-02  -9.7159937e-02   2.3298145e-02   1.7974969e-01   9.5413632e-02  -2.3284644e-01   2.2341893e-01  -6.3935786e-01   2.4591928e-01   4.4274650e-02   9.6476329e-02   7.1502341e-01  -4.1855623e-01  -2.6867210e-01  -3.6814063e-03   5.9922198e-01   2.5826438e-01  -3.8282771e-01  -1.0590823e-01  -8.8563508e-02  -1.3644305e-01   2.4793946e-01
   5.1115848e-03   1.0012037e-01  -2.7863048e-02   4.3857944e-02   3.7507716e-02   3.2608451e-02   2.4726265e-03   1.9932228e-02   5.4436698e-03   8.2457519e-02  -1.5674253e-01  -4.8909948e-02   1.4753272e-01  -1.1134699e-01   3.0575379e-02  -1.3700719e-02  -4.2497135e-02  -1.3311387e-02   1.9185392e-02   2.0400798e-02  -4.0675653e-02  -1.5922471e-02  -5.7003027e-02   4.1908563e-02   1.1164005e-01  -3.4425568e-02  -2.1556655e-03
   8.0908174e-02  -1.2906589e-01   1.2074543e-01   2.4096251e-01   2.4609082e-01   7.6013814e-02   4.2279180e-02  -2.2276574e-02  -2.2280962e-02   5.2541068e-02   2.0115679e-01   2.8795675e-02  -1.9912090e-01   2.5760667e-02   1.5421889e-01  -6.0904673e-02  -3.5593093e-01  -1.2062642e-02   5.9580745e-02   1.6004408e-01  -3.7730590e-01   1.1826312e-01   7.9218212e-02  -2.3113635e-01  -4.7437873e-02   1.5646214e-01  -3.4999867e-01
  -4.9188099e-02   1.6168105e-01  -1.3061477e-01   5.2529367e-02  -1.0021195e-01  -3.4514032e-01  -5.1387250e-02  -1.2070195e-01   3.3683782e-01   1.3145854e-01   2.1359390e-02   1.3656821e-01   5.9083058e-02  -7.4745195e-02  -9.2542646e-02   4.5333708e-02   2.3681435e-01   2.9434761e-01  -3.9250003e-01   4.7129464e-02  -4.3583605e-02  -4.4036168e-01   7.5331604e-02   4.6126342e-01  -1.4558296e-01   1.8228121e-01  -3.8048443e-02
  -2.7901893e-02   1.6899228e-01  -9.2138294e-02   9.8107709e-02   1.1260990e-02  -5.0291369e-02  -9.8638163e-02   6.8975600e-02   4.4393925e-02  -3.3374422e-02  -1.7242807e-01   1.2884936e-02  -1.1629222e-01  -1.3255100e-01   1.1534360e-01   2.1129018e-02   2.8336435e-01  -2.9874523e-02  -1.1477840e-01   8.7766616e-03   7.9403817e-02  -3.0218882e-01   6.7065048e-02  -8.8669592e-02   6.8949668e-02  -1.7082441e-01   1.5616098e-01
   3.3704484e-02   6.8724441e-03  -3.0688303e-02   7.9751680e-02   1.8597130e-02  -1.1207902e-02  -2.0362104e-02  -3.3222067e-02   1.3813644e-02   2.1355554e-02  -5.8708093e-02  -1.2260930e-02   6.4666514e-02  -4.5336024e-02  -1.5545020e-02   2.2028765e-02  -3.0153098e-02   7.6906284e-02  -7.1962427e-04   3.4446619e-02  -2.3653133e-04  -3.2196291e-02   3.1651808e-02  -1.6211502e-02  -1.2863097e-02  -2.2647019e-03  -6.1169040e-03
