  -1.4042132e-01   8.2667158e-01  -6.3404046e-01   2.2857292e+00  -1.4737030e+00  -3.8880672e-01   1.3349758e-01   2.5756240e-01   1.8619879e-01
   1.2105919e-01  -1.0206924e+00  -2.2032891e-01  -1.1252264e+00  -5.1095686e-02   3.9389074e-01  -1.6023023e+00  -5.0566381e-01  -9.5476041e-02
   6.7848557e-01   2.2905810e-01   1.4754105e-02   8.3817478e-01  -1.4656463e-01  -1.8272159e+00   1.1511409e+00   1.3176169e-01   5.1690404e-01
  -7.8947586e-01   1.1032432e-01   1.5921855e-01  -4.4824692e-02   4.1268778e-01   3.6211043e-01   4.7287239e-02  -1.2942799e+00  -1.5592408e-01
   3.0967038e-01   2.8445098e-01   9.6246795e-01   2.1335224e-01   2.6978545e-01   4.2357170e-01  -4.7374598e-01   4.3864087e-01  -2.3163526e-01
   6.4085087e-01   3.9601379e-01   5.3947542e-02   4.8072054e-01  -7.3386558e-02   1.3764698e-01   2.0548031e-01   2.4123242e-01  -4.2698100e-01
   8.5925334e-01  -1.2947527e+00   2.5021548e-01  -8.5955287e-01  -1.3514649e+00  -2.9126257e-01  -3.2455084e-01  -3.1359207e-01   3.2988587e-01
  -1.6076442e-01   2.7199918e-01   5.5401148e-01  -2.8830953e-01  -4.6861726e-01  -1.9274383e-01  -3.3683372e-01  -6.7622600e-03  -5.7416269e-02
  -1.3405064e-01  -1.7092694e-01  -4.3450107e-01  -1.2365283e+00  -1.0300076e+00  -6.7838731e-01  -2.8532177e-01   6.0603956e-01  -1.0516669e-02
   4.8315868e-01  -3.5516589e-01  -7.7480399e-01  -5.0868685e-01  -1.2387163e+00   2.0742710e-01   4.7515825e-01   3.6546415e-01   1.7244176e-01
  -9.1532688e-02  -2.7647282e-01   4.6169532e-01   6.8004365e-02   1.7042057e-01  -7.9489541e-02  -1.4689232e-01  -2.4766665e-01   2.7072942e-01
  -1.0529517e+00  -4.2006496e-01   4.9613075e-01   6.9836363e-01   6.6527460e-01  -6.3208075e-01   6.4163666e-01  -5.3776639e-01   8.5049741e-02
   7.1449174e-01  -1.1021943e+00  -8.5190036e-01   1.3793672e-01   4.3255828e-01   4.0497286e-01  -6.7723158e-01  -5.7902001e-01   2.4903969e-01
  -1.6307228e-01  -4.7558859e-01   6.7025605e-01  -7.0484717e-01   7.3633018e-01  -9.3438643e-01   6.6020604e-01   5.1016754e-01  -1.0269989e+00
  -4.5152537e-02   2.3619855e-01  -3.3242391e-01  -5.1356805e-01   2.1721515e-01  -5.4483973e-01  -6.6821602e-02  -1.1074743e-01   2.9580617e-01
  -5.3303637e-01   9.1120969e-01   4.1209981e-01   6.6721191e-01  -3.5645324e-01   2.4716797e-01   2.1399416e-01   2.9668294e-01  -2.4327713e-02
   3.9326008e-01   2.2351493e-01  -1.5966159e-01  -5.4532386e-01   2.9124189e-01   1.0512764e-01  -1.6599577e-02  -6.0627652e-02   1.7442695e-01
   1.2671528e-02  -3.7915164e-02  -1.6127443e-01  -2.1341571e-01   2.3190898e-01   1.4254606e-01   1.1772295e-01   1.0505473e-01   3.1056300e-01
