   2.1983553e-01
   1.0538384e-01
  -5.9367843e-02
   3.1762320e-02
  -1.4100915e-01
   4.0428547e-03
   1.0416792e+00
  -1.0056654e-01
  -1.1121895e-01
   2.3362867e-01
  -2.5741766e-01
  -9.1002152e-02
   2.7787836e-01
   1.2755702e-01
   2.3184622e-01
  -3.9695670e-03
   1.6573398e-01
  -1.2314673e-01
  -6.7600775e-02
  -1.7855757e-01
   7.1848516e-02
  -3.5314608e-01
   1.0033173e-01
  -4.9003497e-01
  -3.9599110e-02
  -2.0726183e-01
  -1.4154971e-01
  -6.1444866e-01
   4.0628451e-01
   1.0014983e-01
  -5.5559225e-01
  -2.3442000e-02
   2.1186917e-01
   3.6106132e-01
   2.2217646e-01
  -7.2335385e-03
   2.1560354e-01
  -1.7414581e-01
  -1.2555337e-01
