  -2.6629051e-02
  -5.5895784e-03
  -1.0383945e-01
  -4.7495736e-02
  -3.1151581e-01
  -1.9514359e-01
  -8.8170886e-02
   1.3200195e-01
   2.6816305e-01
   4.5376192e-02
  -7.9062057e-02
  -3.8932500e-01
   5.0051442e-01
  -5.0941853e-01
  -1.2233868e-01
  -1.4960806e-01
   4.0631889e-01
  -9.4095145e-02
  -4.5051697e-02
  -2.1670430e-01
   1.5560623e-01
  -1.7556776e-01
   2.2130713e-01
   2.6712789e-01
   2.9632886e-02
  -1.2127387e-01
  -2.4253035e-01
  -1.9108761e-01
   7.8428093e-02
  -5.6262397e-02
  -1.5298919e-02
   1.5147184e-01
   5.0034540e-01
   1.9356054e-01
  -6.6760685e-01
   5.3130529e-02
   2.3421293e-01
   3.0847466e-01
   3.3931428e-01
   2.5834080e-02
  -1.4806578e-01
   1.5334534e-01
   2.7106582e-01
  -3.5358315e-01
   6.8530818e-02
  -5.7853423e-02
  -4.1516544e-02
   4.0148898e-02
