  -3.0506449e-02   7.1625766e-03   9.8729406e-03   3.2026184e-02   9.7556380e-03   4.1211206e-02  -2.4148106e-02   1.3102028e-02  -2.0881841e-01  -8.7351426e-02  -3.5320330e-02   1.1087062e-01   1.0709996e-01   5.1286811e-02  -1.7608796e-03  -4.7930391e-02   2.1063978e-02   1.2398390e-03  -2.4171823e-02  -9.1830609e-03   2.9333432e-02   1.9243103e-02   2.3146705e-02   7.3952632e-03   4.1660077e-02  -2.1180282e-01  -6.6581594e-02   3.1551401e-01  -7.6717233e-02  -1.3804643e-01  -2.6198583e-01   6.2232307e-02   3.1300926e-02  -4.4151798e-02  -1.2797633e-01
   2.0524710e-02   1.7055799e-02   4.1127776e-02  -1.8596072e-02  -4.7911965e-02  -1.9597164e-02   2.6682180e-02   6.3013105e-02   9.6634391e-02  -4.5384032e-03   3.8858298e-02   1.4523235e-01  -5.1444914e-02  -2.7841122e-02   2.7909512e-02  -7.1238192e-02  -9.2016055e-03   3.6009499e-02   6.8088579e-03   6.8253487e-02  -1.7635696e-02  -8.5380456e-02  -7.6835707e-02   9.0343837e-03  -2.5139554e-02  -1.2171910e-01  -6.1315437e-02  -1.5781137e-02   2.5038839e-02   9.1404880e-02   4.8630051e-02  -2.4291323e-02   2.2989930e-02   6.8716000e-02  -8.0074161e-03
  -9.4047813e-03  -8.3411124e-03  -3.3197740e-03   3.5082769e-03  -2.4770855e-03   1.2220609e-02   4.6394555e-03  -8.7901376e-04  -6.4806164e-03   4.6372593e-03  -2.0703876e-02  -2.3728638e-02   2.7803066e-02  -1.0081507e-02  -2.1767864e-02   3.3209153e-02  -4.3634755e-03  -1.9330257e-02   4.0655938e-03  -3.1614368e-02   3.8460977e-03   3.4622204e-02   2.3911746e-02   9.2950877e-03   2.9461940e-02   6.6453414e-03  -1.1179877e-02  -1.1332570e-02  -1.8975981e-02  -2.5822434e-02  -1.9811798e-02  -4.6723554e-02  -1.6475568e-02  -1.4475044e-02  -1.5544758e-02
  -2.1262822e-02  -1.8383708e-02   3.5429631e-03   5.7230205e-03  -1.1715050e-02   2.5266145e-02   8.7112214e-03  -6.7618640e-03  -1.5215567e-02   8.1591978e-04  -4.5053950e-02  -3.4529452e-02   4.9929033e-02  -1.5896275e-02  -4.2053723e-02   7.2920371e-02  -1.4179407e-02  -3.5928047e-02   6.3519672e-03  -1.9965160e-02   1.0563256e-02   9.5176271e-02   2.8983512e-02   2.1467968e-02   5.5947501e-02   8.4555888e-03  -3.8813382e-02  -1.9329238e-02  -5.9644737e-02  -3.2743028e-02  -4.6836120e-02  -8.9715516e-02  -3.1398252e-02  -2.7788501e-02  -4.3394454e-02
  -7.3612074e-02   1.5330953e-02   4.6107090e-03   2.5047210e-02   6.0886205e-02  -8.4225395e-02  -1.1336196e-02  -1.4460438e-01   9.2309892e-02  -5.7867723e-02  -1.9782835e-02  -1.7210248e-01  -1.0788930e-01   7.7810705e-02   2.9447359e-02   2.1347333e-02   2.9769759e-03  -4.7148681e-02  -1.9425120e-01  -4.0035167e-01   1.1211595e-02  -1.6150386e-01   4.4809422e-02  -6.2773337e-02   3.6245089e-03   6.8076275e-02   8.1820990e-02   1.9255767e-02   6.1012541e-02  -1.3207373e-01  -1.0379904e-01   2.6488687e-02   1.0495033e-01  -9.6249650e-02   1.8006874e-01
  -1.2631726e-02   1.6460957e-01   1.5726775e-01  -2.2799123e-01   1.6204001e-01   2.0615682e-02   1.5870243e-02   1.2697070e-01   9.6474685e-02   8.8098007e-02   2.3068456e-01  -2.1916334e-01  -5.6334741e-01  -1.0500280e-01   3.5976759e-02   8.8415290e-02  -6.6705320e-02   1.3426607e-03   1.6476924e-01   2.3606283e-01  -1.2797175e-01   2.8115569e-01   3.6730328e-01  -5.2755532e-02  -5.6329348e-02  -1.3967282e-01  -1.1707537e-01   3.7759419e-01  -7.7649490e-02  -2.3880757e-02   5.0281129e-02   3.5665573e-01   4.1840304e-02  -8.6546717e-02  -3.6289735e-02
   5.9870635e-03   7.8865098e-03  -3.9502514e-03   5.2255154e-03   5.1294383e-03   1.4703064e-03  -2.1102403e-03  -3.3814451e-03  -6.1783249e-03   4.3842684e-03   6.1403869e-03   3.8066728e-03  -4.0801763e-03   6.6138682e-03   6.9625764e-03  -1.4320508e-02   8.6175272e-04   3.7639613e-03   3.9282226e-03   7.0549739e-03  -8.8105198e-03  -1.0677389e-02   2.2008696e-03  -2.6219918e-03  -2.5288906e-03   3.7627777e-04  -1.9495683e-04   9.8711178e-03   1.4130122e-02  -3.7721734e-04   1.9499046e-03   1.5981246e-02   1.3561555e-02   2.7659798e-04   3.4928017e-03
  -1.5487459e-02  -1.4133302e-02  -5.5131791e-03   6.5414104e-03  -5.0220342e-03   1.4998791e-02   1.0710001e-02  -1.7815064e-02  -5.4135425e-03   3.2633289e-03  -2.0485774e-02  -1.5938655e-02   2.7152221e-02  -2.2678504e-02  -2.4659835e-02   9.2734333e-03  -6.8294487e-03  -2.2750012e-02   1.1551816e-02  -1.7942882e-02   1.0943238e-02   5.3598196e-02   9.8686945e-03   1.1062650e-02   3.0648979e-02   2.1567511e-02  -1.2403241e-02  -3.1904196e-02  -2.8804991e-02  -8.9253920e-03  -1.7843676e-02  -4.5178868e-02  -1.8611558e-02  -2.4938717e-02  -1.8676533e-02
   6.4804085e-03   2.9025457e-03  -2.1396178e-03   1.0224791e-03   7.8524209e-04  -2.5689086e-04  -3.5027787e-03   9.6008502e-03   6.4570047e-03   3.0562827e-03  -1.0818734e-02  -6.9618529e-03   1.3403265e-02   3.2744730e-03  -2.4185297e-03   1.7856032e-02   2.2629906e-03  -4.0086868e-03  -2.6743321e-03  -1.4304398e-02   3.1509430e-04  -1.0082337e-02   1.4427272e-02   2.0366786e-03   1.2084273e-03  -7.7219601e-03   7.7592632e-03   1.0108235e-02  -3.1820364e-03  -1.5241927e-02   3.6964277e-03   1.0557787e-03  -9.0440642e-03   4.4700111e-03   4.7157078e-03
  -1.6537987e-01   5.7454562e-02   6.4812106e-02  -9.3538446e-03   3.8752982e-02  -1.3414793e-01  -1.9590558e-01  -9.3003316e-02   6.1202349e-01  -8.6366191e-02  -3.9858123e-02   1.9195634e-01  -4.5237377e-01   3.4020674e-01   2.4644182e-02   5.3583647e-01   1.8563785e-01   1.1083046e-01   1.6352895e-02  -6.8480988e-02   4.5808663e-02   3.8917103e-01   4.7373347e-01   6.9892876e-02  -7.1258932e-02  -1.0864566e+00  -6.4446157e-01   4.5915395e-01  -1.5533563e-01  -2.8039207e-01  -9.5172331e-02  -1.6850158e-01   9.7783535e-02  -2.6446658e-01  -4.1830402e-01
   2.5972219e-02   1.6150513e-02   4.3185817e-03  -6.9343449e-03   1.1690209e-02  -2.9697280e-02  -5.5104406e-03   2.0911392e-02   1.4177868e-02  -1.3691350e-02   1.0837804e-02   3.3406832e-02  -2.2290245e-02   2.1762912e-02   2.6268502e-02  -4.9737387e-03   1.2926965e-02   1.3439881e-02  -2.2968639e-02  -1.1950461e-02  -7.4548005e-03  -8.3872913e-02  -2.8769672e-02  -2.8810301e-02  -4.6109927e-02   4.5510440e-03   4.7256600e-02   2.1420578e-02   4.3121103e-02   1.6219447e-02   5.2327581e-02   8.1819643e-02   2.6360317e-02   1.9862473e-02   4.6039987e-02
  -1.9928723e-01  -1.2617195e-01  -4.0296052e-02   2.3981143e-02  -1.2543096e-02   1.9510745e-03   1.0519130e-01  -1.5919038e-01   7.3072661e-03   4.1192561e-02  -1.1076998e-01  -6.9087538e-02   7.9912338e-02  -4.2727246e-02  -1.8783120e-01  -2.7206369e-01  -2.7726093e-02  -6.2076017e-02   1.2662955e-02  -1.3157150e-01   8.3801903e-02   5.6209414e-02  -8.8273085e-02   8.1356923e-02   1.1913427e-01   1.4371283e-01   1.2377932e-02  -2.6258389e-01  -1.3839852e-01   3.6793896e-02   6.1255061e-02   1.6596915e-01  -3.1767108e-02  -1.9749571e-01  -7.7292862e-02
   2.3799018e-02   9.1568921e-03  -5.9113297e-02   8.5152927e-02   1.8794709e-01   5.7367806e-02  -1.4766602e-02  -1.0020714e-01  -3.1431592e-01  -6.2524813e-02  -1.8888320e-02  -8.3214073e-02   6.4162282e-02   3.6966471e-02   4.5302720e-02   1.3059342e-01   5.1381716e-03  -1.5268785e-03  -4.4006091e-03   7.2122667e-02   2.6196427e-02  -1.6990440e-01   1.3231814e-01  -2.3020679e-02   1.2204555e-01   4.3682101e-02  -2.9727147e-01   1.0811982e-02  -5.9006999e-02   1.2514858e-01  -2.5001379e-02  -7.4243349e-02  -9.0964943e-03  -9.1812357e-03   3.0387281e-01
  -3.5889964e-02  -3.1135507e-02  -1.3382322e-01   1.2170971e-02  -7.2423618e-02  -6.8439051e-02   4.5613008e-02  -2.5675294e-01  -2.0127726e-01  -2.5317036e-02   7.1467995e-03  -7.3493824e-02   1.8839593e-01  -1.1194653e-01   2.6876081e-02  -2.2237559e-01  -6.6314119e-02   9.8291552e-03  -9.4876475e-02  -3.9640915e-01  -3.7752688e-02  -8.0330549e-02   2.5016901e-02  -9.0709630e-02  -4.3352020e-02   2.1012295e-01  -4.8355290e-02  -2.3339126e-01   1.4795579e-01   2.3185074e-01   5.2155288e-02  -2.3830493e-02  -3.4961657e-02   6.2185380e-02   1.6853860e-01
   2.3319724e-02   1.9499582e-02   4.0374406e-02   4.3649818e-02   9.1320784e-02   8.8390895e-02  -5.3234082e-02   9.7806153e-02  -4.5629602e-01  -8.0547716e-02  -6.1463462e-02   6.7362929e-02   2.6633697e-01   1.8130842e-02   3.1076705e-02   4.7155497e-02   3.3404918e-02  -1.6561042e-02   5.7316998e-02   8.6527621e-02   5.1465261e-02  -6.8909898e-02  -4.0994262e-02   4.6005408e-02   1.0978451e-01  -3.0642351e-01  -4.9506911e-03   3.6873254e-01  -1.0718274e-01  -2.3762243e-01  -2.9327847e-01   1.7119036e-01   4.3007051e-02  -5.5097714e-02  -8.1594741e-02
  -1.2089390e-02  -8.4455391e-03   6.1909338e-03  -1.3449249e-03  -5.9067381e-03   9.2644387e-03   5.7621770e-03  -3.8776260e-03  -6.3536808e-03   2.8316527e-03  -1.4015861e-02  -1.2022851e-02   2.4485037e-02  -1.4007346e-02  -1.7408700e-02   2.3115287e-02  -1.0247725e-02  -1.4816941e-02   8.8338476e-03  -1.8899566e-02   3.4677392e-03   4.4265279e-02   2.4278492e-02   1.1596061e-02   2.3638695e-02  -1.5755482e-03  -1.2693039e-02  -1.3749378e-02  -2.2638519e-02  -1.0349285e-02  -1.9891500e-02  -5.4400144e-02  -1.7452327e-02  -2.0618757e-02  -2.4460175e-02
   6.4849485e-03  -1.3320101e-03   6.3592605e-03   2.0306440e-03  -2.6034694e-03  -8.7354935e-04  -3.5875639e-03   1.4371192e-02   1.5255762e-03   1.1588280e-03  -2.2779329e-02  -1.4042598e-02   3.2061332e-02   5.1393382e-04  -6.2223260e-03   4.2740186e-02  -1.0869078e-03  -8.2738502e-03  -1.7351691e-03  -4.0895936e-02  -1.6960227e-03   1.2145137e-03   3.0239652e-02   7.0208622e-03   1.6127707e-02  -1.0469606e-02   6.2197020e-03   1.2835028e-02  -7.3706516e-03  -2.5518045e-02  -3.8180528e-03  -3.2147555e-02  -1.3509735e-02  -4.8850192e-03  -1.4862676e-03
  -3.2138883e-01  -2.7342622e-01  -3.1716350e-01   5.1529606e-02  -1.2202009e-01  -2.7989603e-02   2.4754083e-01  -9.5674020e-03   1.3789099e-01   2.7670013e-01  -2.1750600e-01   7.0101910e-01   3.9490538e-01  -2.3930961e-01  -4.9576345e-01  -8.1083910e-01   1.5694196e-02  -2.9028585e-01  -5.9260195e-03   2.7916864e-01   3.1989495e-01  -1.3493953e-01  -7.2436928e-01   2.5120841e-01  -1.5303748e-02   5.2120861e-01  -3.8629324e-01  -7.7178929e-01  -2.4223378e-01   4.7536865e-01   6.9341192e-01   7.5416607e-01  -1.4433688e-01  -1.7274993e-01  -4.4317879e-01
   4.0472509e-02   3.7866590e-02  -1.5513202e-04  -1.2157820e-02   2.9799059e-03  -4.4014886e-02  -4.2593480e-02   3.5815116e-02   3.7619758e-02  -6.6893311e-03   3.6485827e-02   3.0695215e-02  -3.9424581e-02   6.1673249e-02   4.9105890e-02  -5.2122860e-02   3.1550130e-02   4.2668764e-02  -1.7694538e-02   8.0363363e-02   2.5010166e-03  -9.4946549e-02  -6.8209041e-02  -3.7288830e-03  -9.9852924e-02  -1.3289532e-02   2.6342590e-02   6.3305117e-03   4.0050378e-02   9.0065507e-03   6.2230155e-02   1.3061845e-01   4.2350267e-02   4.8240588e-02   3.7285839e-02
   1.2361778e-01  -1.9798228e-02  -1.0004892e-01  -4.4930354e-02   6.0255272e-03  -5.5847452e-02   4.1818116e-02   2.1193508e-01   3.8820616e-01   2.4841105e-01  -1.3970674e-01  -3.6074573e-02   1.4988700e-01  -2.9899968e-01  -1.8181314e-01   3.3075647e-01  -1.3673319e-01  -2.7288814e-01   7.6909807e-02  -1.9999771e-01  -1.9572428e-02  -1.9173921e-01  -6.7407683e-02   4.8473914e-02   8.2140834e-02   4.8841105e-01   5.7789216e-01  -1.9031159e-01   4.6442315e-02  -1.1023742e-01   2.3988626e-01   9.2211446e-02  -1.7730211e-01  -5.7165781e-02   1.7097438e-02
  -1.4012001e-01   6.9154774e-02  -5.3207563e-02   7.5971202e-02   2.5531898e-01  -1.2092942e-01  -3.0284392e-01  -2.6766311e-01  -3.5903413e-01  -1.2225682e-01  -1.3859857e-01  -3.8711724e-01  -2.0554572e-01   2.7047048e-01   2.9744916e-02   6.2591567e-02   2.2173954e-01   5.7478277e-02   4.3332819e-02  -3.7099134e-01   1.4020964e-01   1.3268304e-01  -4.2631047e-01   1.2359702e-01  -7.0927775e-02  -6.0992830e-03  -1.2854101e-01  -2.2696048e-01  -4.4372252e-02  -3.3290614e-01   3.3965363e-02   3.3132379e-01   2.1181190e-01  -3.5253725e-01   8.6432030e-02
   2.1222174e-01   9.5603928e-02   6.5099152e-02  -1.1516063e-01  -1.4508536e-02   1.9303147e-01   1.9549630e-01   2.4761399e-01   4.8438383e-01   3.1192171e-02   2.4594141e-01   5.0731447e-01   5.4646474e-02  -2.6928539e-01   1.7987338e-02   1.4403003e-02  -2.2763045e-01   1.8371123e-02   8.5759453e-02   7.2877254e-01  -1.1431813e-01   4.2863907e-02   2.8131544e-01  -1.0581626e-01   1.0763887e-01   8.1463381e-02  -2.1044041e-01   4.5383749e-01  -5.9398554e-02   3.0210921e-01   1.4757469e-01   1.4212861e-01  -1.5706232e-01   3.4382005e-01   1.1201290e-01
  -7.8026646e-02  -4.4016868e-02   3.3714285e-02  -1.1364991e-02  -7.4532536e-03   3.9045249e-02   2.6723319e-02  -2.7906816e-02  -4.4823305e-03   1.7374386e-02  -1.0507217e-02  -4.9330474e-02   1.9655776e-02  -3.9844225e-02  -5.1309601e-02  -5.4325463e-03  -1.0732064e-02  -2.1052125e-02   2.9470153e-02  -6.7284245e-03   3.5171616e-03   1.7224697e-01   4.9028638e-02   2.3119554e-02   6.1273320e-02   7.6058546e-03  -4.9718746e-03  -4.2510971e-02  -6.9782194e-02  -2.3424638e-02  -2.4615504e-02  -1.1115312e-01  -2.0347484e-02  -5.8507798e-02  -6.2429677e-02
