   3.8511495e-03   8.9624295e-02   1.9465375e-02  -7.1608538e-02   1.3709885e-01   1.3264360e-01   2.0516259e-02   7.6004174e-02   6.5300633e-02  -1.7796645e-01   2.4943294e-01   2.2467256e-01  -2.3937099e-01  -1.4866792e-01   3.6224144e-03   5.2082768e-02   3.3042641e-02  -3.4245853e-01  -1.1133870e-02   2.2303936e-02   1.0191499e-01   1.0180827e-01   1.7014848e-01   4.7611234e-02   1.7462959e-01  -7.7006600e-02  -6.5898797e-02   1.5726658e-02   1.6888270e-02  -1.2040354e-01  -3.5135414e-02  -9.7654628e-02   5.8199772e-02  -2.3095047e-01   3.4468664e-02  -2.5430190e-02
   3.1162601e-01  -3.4916912e-01  -1.7027361e-01  -1.6004946e-01   1.5200700e-01  -4.1955892e-02  -2.3391281e-01   5.0517482e-02  -3.9123013e-01  -6.4531180e-02  -7.9298966e-02   2.0041602e-01  -2.9274687e-01   1.0215832e-01  -1.5302137e-01  -9.8741200e-02   1.2015013e-02   1.3952641e-01  -1.2247090e-01   5.5081093e-02  -1.4927779e-01   6.3502519e-01   6.3221130e-02   2.0920165e-01   1.3843731e-01  -3.2974581e-01  -1.0309812e-01   1.2620367e-01   1.1506379e-01  -3.2019935e-02  -1.6368875e-01   7.2334891e-03  -5.1243973e-02  -1.3812919e-01  -3.8417743e-01  -9.4675526e-02
   1.1921916e-01   4.1384941e-02   2.1743114e-01  -2.8460334e-01  -1.5599962e-01   1.5048803e-01  -1.9091288e-01   3.4044084e-01   9.9010154e-02  -3.8912917e-02   8.6357675e-03  -1.3670961e-01  -2.5756776e-01   4.0162020e-02  -3.0892257e-02   3.7077335e-02   3.2527472e-01   9.1227381e-03  -1.4164138e-01   2.7193345e-01  -2.7283847e-01  -3.2587682e-01   3.0958321e-01   2.0145888e-01  -2.0250802e-01  -4.9368093e-02   4.3736687e-01  -8.0288575e-02  -3.9811735e-01  -3.8772713e-02  -2.4579446e-01  -1.1259631e-01  -3.4654996e-02   2.2627776e-02   1.4632199e-01  -4.4540169e-01
  -3.5523226e-01   3.4453607e-01  -1.5090902e-01   1.7078264e-01   5.8826071e-02   9.2392402e-02   9.2758978e-02  -1.0082387e-01  -6.4769277e-02   1.4004995e-01  -1.2484673e-03   1.9173909e-01   1.1972646e-01   2.9383543e-01   2.5331803e-01  -4.9191126e-02  -4.0133997e-01   5.7856120e-02   1.2321441e-02  -2.2133390e-01  -1.8846166e-02  -2.1150336e-01  -9.4795688e-02   6.9026529e-02   4.4871767e-02   3.2697940e-01  -1.4968737e-01   7.7039645e-02  -6.7706431e-02   3.4508649e-02   1.3179186e-01  -1.1625537e-01  -3.4844106e-02   1.7817732e-02   2.8293640e-01  -3.4885903e-02
   4.7083989e-02   2.0968712e-01  -1.5718679e-01  -6.4702481e-02   8.8741787e-02   1.1117872e-01   1.3874123e-01  -7.4263947e-02   2.1959132e-01   1.1109212e-01  -8.9775512e-02   9.0367222e-02   4.2916328e-02   4.2444674e-02   1.5007761e-01  -1.4238757e-01  -1.1272786e-01   2.1138133e-01  -4.7859765e-02  -3.1198799e-02   1.9082078e-02   2.8170641e-02  -1.0230901e-01   6.6820186e-03  -2.2614882e-02  -7.3583713e-02  -9.8219656e-02   1.3585008e-01   2.1101687e-01  -1.7568353e-02   5.1232463e-02  -1.2025920e-01  -8.4117843e-02   2.6729365e-02  -9.0181195e-02   1.1034467e-01
  -2.2774401e-01   3.7338397e-02  -1.8000265e-01   1.0327367e-01   1.1113425e-01  -1.6636458e-01  -1.0229600e-01  -1.4390120e-02  -1.8531342e-01   1.1993556e-01  -3.3310817e-03   1.0238689e-01   2.2855020e-01   2.4639735e-01   2.5320015e-01   8.3816733e-02  -4.0572573e-01  -1.2109879e-01   9.1070010e-02  -1.7625390e-01   6.4553794e-02  -4.1278947e-01  -1.0919579e-01  -1.6736162e-01   1.2544756e-01   2.2251596e-01  -1.0316948e-01  -1.0729498e-01  -7.0691144e-02  -1.5376723e-01   2.0953929e-01   7.3297231e-02   4.9576497e-03   5.0390632e-02   3.4297005e-01   1.0408014e-01
   7.5827927e-02  -3.4393701e-02   2.4365245e-03  -7.3280865e-02  -1.3112586e-02   6.8135841e-03   8.1814084e-03   4.3269660e-02   1.5940605e-01  -2.2329601e-02  -5.7501679e-02   7.9946910e-02  -4.2695635e-02   4.0814299e-02   2.9297472e-02  -4.0220135e-02  -6.8822457e-02  -1.5466003e-01  -4.5815981e-02  -3.4694814e-02  -8.4928705e-02  -2.7619742e-02  -7.0175008e-03   3.4847401e-02   1.7980524e-01  -6.2225806e-02   2.9645917e-02   1.2423515e-01  -1.5558883e-02   1.2697268e-02   4.8544592e-04  -5.4151687e-02   5.3835570e-03  -2.5900677e-02  -1.0360630e-01   4.3632545e-02
   9.6202010e-03   1.2602036e-02  -1.0831812e-02   2.6630157e-03  -4.9499164e-03  -3.1315116e-02  -1.5747082e-02  -1.8160891e-02  -1.0463905e-02  -2.7977262e-02   3.7180254e-03  -2.0971144e-03   1.8163104e-02   5.7014108e-03  -5.1978335e-02  -1.5073554e-02   4.6740589e-03   1.2574627e-02   3.5930596e-02   1.3771468e-02   2.3983486e-03  -4.1953878e-02  -5.8196307e-03  -9.8150160e-03  -9.6309328e-03   5.9370637e-02   1.9579619e-02  -4.0998819e-03   8.7487082e-03  -2.3004637e-04  -1.0375066e-02   5.4179445e-03   1.4026817e-02  -5.3481144e-04   1.8362008e-02  -1.7578294e-03
  -4.8681445e-02  -1.1361257e-02  -2.7216257e-02   9.9439230e-02   2.0062934e-03   3.7073111e-02   1.0844164e-01  -2.9116601e-02  -5.3164838e-02   8.5430747e-02  -3.2599739e-02  -7.6210961e-03   5.5612247e-02   7.9795810e-03   9.8271751e-02   9.1204223e-02  -3.0062091e-02   8.2592411e-02  -4.2969910e-02   1.6057044e-02   1.2248735e-02  -7.6435959e-02  -1.0695033e-02  -1.3467120e-01  -3.7890083e-02  -5.2837471e-02  -1.7379566e-02  -1.3518614e-02  -3.0181523e-02  -3.2087343e-02   9.9773659e-02   1.4158893e-03  -4.0155761e-02   7.1960320e-02   4.8438210e-02  -4.6252474e-02
   9.3039977e-01  -4.1813948e-01  -1.3186886e-01   4.9121900e-02   2.6654596e-01  -8.9385057e-02  -4.7065045e-01  -3.5595523e-01  -7.5698906e-01  -7.1160616e-02  -5.3489327e-01  -1.2476623e-01   6.5216676e-02   1.5264540e-01  -8.2132756e-01  -5.0646111e-01   6.2669153e-02   9.7334074e-02   5.2653279e-02  -6.1099240e-04  -2.6769809e-01   5.1483619e-01  -7.5383812e-02   1.1311070e-01  -4.5726722e-01   2.1431499e-01   1.7600471e-01  -1.6684384e-01   4.5174090e-02  -4.1459163e-01   1.0034047e-01  -3.3715543e-02  -2.3478352e-01  -1.5640177e-01  -5.2580995e-01  -1.3841766e-02
   2.9383337e-01   1.5136067e-01  -2.9918757e-01   1.6805688e-01  -1.0089878e-01  -4.4618049e-01  -4.8679677e-01   4.1045655e-01   2.3263334e-01  -1.0670053e-02  -3.3004166e-01  -1.4538204e-01   2.7807874e-01   4.0368343e-01  -2.1855745e-01  -1.8454854e-01  -1.7660353e-01   2.0731200e-01  -2.3410824e-01  -1.4777172e-02  -4.7170875e-01  -5.8687736e-02   2.0005537e-01   4.4540514e-01   2.2877670e-01   1.1012434e-01   1.0875193e-01   2.7321032e-01  -1.7286511e-01   3.5878235e-01  -3.7828594e-01   6.8422123e-02   6.7138021e-02   4.1832327e-02  -2.4853807e-02   3.0433378e-01
  -3.4424527e-01   2.6861578e-01  -2.1037981e-01   2.3503840e-01   3.8447721e-01  -2.9710331e-01  -8.4672206e-02  -3.0252634e-01  -9.7574879e-01  -4.1862645e-02   3.1186543e-01  -1.2254090e-01   4.4333423e-01   1.9724810e-01  -4.3469112e-01   5.4300196e-01  -1.9328755e-01   3.4926325e-01   1.5473249e-02   5.0556708e-02   1.3921949e-01   3.0020801e-01  -2.7795649e-01  -7.9145373e-02   3.9985349e-01  -3.2101236e-02  -3.2201596e-01  -2.1948536e-01   5.9391140e-03  -2.6326758e-01  -2.6123407e-01   2.3836901e-01  -1.3047098e-01   2.3667690e-01   4.8387402e-01   2.7839693e-01
   5.5876039e-02   2.3305066e-03   1.8477019e-02  -8.0450581e-02  -4.5552691e-02  -3.9665708e-03   2.5922621e-02   8.3824902e-02   4.6186253e-02   1.5733470e-03  -4.1991176e-02   2.5659848e-02  -1.0922723e-02  -1.6997401e-03   7.8352189e-02  -2.1836905e-02   1.5868238e-02  -4.9745198e-02   3.5233215e-03  -2.8470120e-02   9.3504085e-03   9.4951136e-03   1.3047990e-02   2.1512235e-02   6.6583797e-02  -5.5920643e-02  -1.4061335e-02   9.8769695e-02  -2.5055693e-02   4.9108425e-02   1.6234934e-02  -3.2721365e-04   1.3342832e-02  -2.2916623e-02  -5.6784981e-02   5.8109377e-02
  -1.1677588e-01   3.8256430e-01   1.8406625e-01   1.6960150e-01  -1.3941421e-01   1.4251799e-01  -3.3947200e-01   4.0849227e-01  -1.3224677e-01   4.7890569e-01  -1.4510876e-01  -3.6753080e-01   2.7514948e-01  -3.9282317e-02   5.2916627e-01  -7.9305355e-02   2.2011212e-01   1.6777779e-01  -2.8584604e-01  -1.6470376e-01  -8.9672044e-02  -6.6477284e-02   2.1899271e-01  -3.1299119e-02  -3.4831889e-01  -3.4038633e-01   7.6698455e-02  -1.2159431e-01  -2.3733311e-01   1.4671158e-01   1.1626187e-01   1.5904618e-01  -1.2619386e-01   3.6516500e-01  -2.9505816e-01  -2.5461388e-02
  -2.1397634e-01  -3.5563885e-01   1.0035889e-01  -1.9546458e-01  -2.9581284e-02   9.2280774e-02  -5.4718135e-02   1.3603170e-01   4.1427433e-02  -4.9840884e-01  -2.6609585e-01   3.1208785e-01  -8.3408481e-02   8.1953966e-02  -2.3080166e-01  -2.0065290e-01  -3.4681378e-01  -4.4648278e-01   3.2594833e-02   1.1867442e-01  -1.0028784e-01   4.3455876e-01   2.7503685e-01   1.3847794e-01   3.8560952e-01  -2.8230740e-01  -4.8714370e-01  -1.6131647e-01  -1.5364583e-01   1.7959973e-01   1.6376870e-01   7.0705704e-02  -1.4351862e-02  -7.4923956e-02   8.5734366e-02   1.8785790e-01
   2.2390963e-02  -2.2277315e-01  -1.0489694e-01  -2.3689028e-01   1.7171552e-01  -1.3446821e-01   2.0645733e-02  -4.2271125e-02   2.1495441e-01  -7.5544503e-02   1.8215887e-01   9.2340746e-02  -1.6961033e-02   1.1329323e-01   8.2505339e-02  -4.9336879e-02  -1.8445615e-01  -3.0943876e-01   4.6565605e-02  -1.1088200e-01   1.2145753e-02  -1.2328584e-01   5.6725895e-02   1.6673385e-02   1.5747016e-01  -1.4025009e-01  -2.2359228e-01   2.7840546e-01  -1.0384615e-01  -7.6725027e-02   1.2250461e-01   9.8856061e-02  -1.4217828e-02   6.9203938e-02  -1.3135241e-01   1.1993855e-01
   9.4080752e-02  -4.0218064e-02   4.6766949e-02  -1.1682776e-01  -3.5608029e-02   2.4026260e-02  -4.0716841e-03   6.7188051e-02   1.0675781e-01  -3.1306214e-02  -1.6479131e-01   1.0581542e-01  -4.8646648e-02   8.5267049e-02   7.8591646e-02   2.5961836e-02  -8.9499659e-03  -1.0524711e-01  -6.2376890e-02  -7.0956688e-02  -1.1462191e-01  -8.3849358e-02   2.4778901e-02   7.2795465e-02   1.7315164e-01  -3.9996580e-02   5.3088294e-02   1.5432074e-01  -1.0171078e-01   4.7410555e-02   1.5990398e-02  -7.2111556e-02   1.2258567e-02  -1.5637288e-02  -1.6203650e-01   6.0591380e-02
  -2.8427362e-01   3.2629189e-01  -1.6116985e-01   1.1328674e-01   3.8509966e-02   1.8140682e-01   3.1301725e-01  -2.2039038e-01   3.8873203e-01   1.6160736e-01   4.1156346e-03   6.4191477e-02   2.3607891e-02   7.2392115e-03  -1.7130241e-01  -9.1231406e-03  -1.6157244e-01  -4.1352155e-01   2.9693691e-02   5.2707465e-02  -1.7517663e-01  -1.5613818e-01  -6.6501601e-02  -1.1698375e-01   3.1752902e-01   1.2099170e-01   5.4782197e-02   4.7570135e-02   2.6718949e-02  -9.1987311e-02  -6.0562807e-02  -2.1434306e-01  -8.0866504e-02   1.7630364e-01   1.0048106e-02  -2.7473552e-01
  -5.4660437e-02   3.6622970e-02  -1.0367062e-02   6.7115318e-02   8.2145823e-02   3.2642693e-02  -4.6213179e-02  -5.1430631e-02  -4.2850541e-02   8.4275458e-02   6.2098730e-02  -1.5762800e-02  -2.7659129e-02   3.2384800e-02  -2.0915138e-02   5.0844895e-02   1.3991286e-02   1.0872065e-01  -7.7077931e-02  -3.9387085e-02  -2.9545991e-02  -1.5406115e-02   2.1194315e-02   1.1423427e-02  -6.3604330e-02  -6.1974445e-02   1.9794952e-02  -7.8169580e-02  -3.2166506e-03  -5.8982922e-02  -3.1258640e-02  -9.7878060e-03  -2.1624711e-02   6.1223105e-02   6.1917457e-02  -6.6632792e-02
   8.1547143e-02   2.0731308e-01   1.8114541e-01  -2.2216783e-01  -3.2347910e-01   2.3770939e-01  -1.7604115e-01   2.8612122e-01   6.5948069e-01   9.5195153e-02   2.2545080e-01   1.9736942e-01  -3.7392837e-01   1.7790333e-02   4.1780462e-01  -1.5075712e-02   8.7765754e-03  -5.4727759e-01  -2.3113643e-01  -6.8110015e-02  -2.6736322e-01   4.5778929e-02   1.4765738e-01   3.5903965e-01   4.9052566e-01  -1.6856832e-01  -4.3472858e-02   4.5403034e-01  -2.1169978e-02   4.1067181e-01  -1.1053313e-01  -1.4123554e-01   5.7468963e-02  -1.6674981e-01   1.4197978e-01   2.9411748e-01
   2.4998392e-03   2.9105839e-03   2.2834404e-02  -2.8610649e-02   1.2731200e-02   9.1534389e-02   1.2481894e-02   6.5073476e-02  -7.0151976e-03   1.0575839e-01  -1.2781341e-02  -7.5856878e-03  -5.1502750e-02  -2.1993665e-02   9.8035378e-02   2.8567096e-02   3.9935157e-02  -4.2020507e-02  -1.1832108e-01  -2.0992661e-02  -5.0454814e-02   1.0165921e-01   2.7808564e-03  -6.0880252e-03   8.3392416e-02  -2.7997202e-01   3.7405619e-03   1.3055854e-02  -2.9398341e-02  -5.3886532e-02   3.2599765e-02  -1.4177717e-02  -6.8649039e-02   3.9938879e-02  -6.2285867e-02  -7.6757058e-03
   2.0996180e-01   1.9108479e-01  -5.9621103e-02  -5.0558955e-01  -6.8289302e-02  -3.4585352e-01  -3.1165643e-01   1.9832704e-01  -4.3924347e-01  -1.1288623e-01  -5.8860555e-02  -1.2361100e-01   1.7093332e-02   9.3669660e-02  -3.4478994e-01  -4.3755329e-01   3.3000910e-01   9.9811059e-02   1.6753645e-01  -1.3693391e-01  -6.6922248e-02  -9.4376941e-02   2.0214555e-01   8.9597775e-02  -2.3115142e-01  -1.0645124e-01   3.5398237e-01   2.3662556e-01   9.9812637e-02  -6.5202854e-02  -4.3368721e-02   8.0668950e-02   3.0214354e-02  -2.5975041e-02  -5.9209277e-03  -1.1308591e-01
   3.8935884e-01   1.1111736e-01   7.5406027e-03   2.3099472e-01  -1.7484087e-01  -1.3963987e-01   1.9071314e-01   1.9529698e-01   1.0169064e-01  -2.3494664e-01   2.0032615e-01  -3.5636321e-01   1.1647385e-01  -5.7334520e-01  -1.0611790e-01  -1.1452577e-02   5.8698373e-02   3.0378338e-01   2.8908346e-01   7.5583011e-02   4.2520164e-01   1.5561044e-01   1.1396338e-01   1.0018294e-01  -2.9292688e-01   2.6452168e-01  -1.9080802e-01  -7.4796437e-02  -2.0425787e-01   4.8212032e-01  -2.3204122e-01   1.6151406e-01   4.4688289e-01  -7.9910170e-02  -2.4348203e-02   7.9623660e-02
   1.8003532e-01   4.0092729e-01   2.2097675e-02  -2.0606151e-01   2.1672780e-01  -7.7016080e-02  -3.7712364e-01   2.2757881e-01  -3.8645745e-01   9.2492519e-04  -1.2007428e-01  -1.6590053e-01  -3.9349154e-02  -1.3961913e-01   2.0422438e-01  -2.4534022e-01  -3.5967704e-01   6.6188901e-01  -1.7962428e-01  -3.5538050e-01   2.9716016e-01   9.5147781e-02   4.1030462e-01   1.4837455e-01  -8.6872111e-02  -1.8170029e-01  -2.7369802e-01  -2.3009281e-01  -4.0932120e-01  -8.3889723e-02   3.7863834e-01   1.9416844e-01  -3.7192864e-02   2.5145826e-01   1.9696843e-01  -5.7597362e-02
  -4.0498053e-02  -3.3617930e-02  -5.0723831e-02   1.1403480e-01   4.1129175e-02  -9.5518415e-02  -3.0142134e-02  -1.2110013e-01   2.1163036e-02  -4.5891360e-02   8.4350823e-02  -6.4741964e-02   7.5482487e-02  -3.8741004e-02  -1.3744884e-01  -6.4670532e-03  -1.2215610e-02   2.2567122e-02   8.5994383e-02   8.6495463e-02   5.1668215e-02  -7.2234169e-02  -7.0362091e-02  -7.6281286e-02  -1.1638156e-01   1.0505010e-01  -1.4390679e-02  -8.2035837e-02   5.9459362e-02  -4.2347806e-02  -5.7608954e-02   7.8665344e-02   1.3526252e-02   8.5725364e-03   6.7432429e-02  -5.6804952e-02
  -2.5540703e-02  -1.4682658e-01  -2.8838386e-02   7.9514497e-02   2.3175717e-02   3.2123888e-02   4.8742025e-02  -7.0866974e-02  -8.2980911e-03  -1.1540737e-02   3.0895916e-03   7.3924234e-02   2.4226567e-02  -1.1878594e-02   2.8552149e-02   1.4672504e-03  -6.1601832e-02  -5.5737764e-02   1.8736413e-02   2.8815715e-02  -4.8162255e-02   2.0789082e-02  -1.5612096e-02  -1.8414208e-02   3.0792236e-02   1.3627608e-02  -9.2149231e-03  -6.4523264e-02   4.0008505e-02  -3.8730016e-02   1.5696657e-02  -3.8937240e-02   3.8655090e-03  -5.7123471e-05   6.8484944e-03  -2.4159060e-02
   7.7007234e-02  -3.7611736e-01   4.2743769e-01  -1.9821516e-01   8.6544449e-02  -3.1736312e-01  -4.1725930e-01   1.8146446e-01  -1.2323882e-01   1.0023645e-01  -1.3639784e-01  -5.6821920e-02  -1.9555362e-01   7.1656752e-02   9.8186621e-02   1.8053252e-01  -9.5433668e-03  -7.8614287e-02  -3.3551699e-01  -1.4776638e-01  -2.0241890e-01  -2.1633678e-01   1.0634377e-01   8.4605874e-03  -1.0085816e-01  -5.2581718e-01   1.8068446e-01  -1.2449815e-01   2.4701399e-01  -1.9277250e-01   6.4683393e-02   4.3042568e-01  -3.5007482e-01   2.7596311e-02  -1.1597130e-01  -5.0764204e-02
  -5.6735051e-02   5.9588520e-03  -6.9166885e-03   4.5985316e-02  -1.4139476e-03   9.9568043e-02   5.6403061e-02   2.7020569e-02   2.8835741e-02   1.0967748e-01   3.3697532e-04  -1.8113427e-02   9.1694437e-03  -4.1300417e-02   1.5329452e-01   6.6226731e-02  -1.1886295e-02  -2.9875691e-02  -9.3830950e-02  -2.3320354e-02  -2.2517878e-03   2.2579596e-02  -3.4486747e-02  -9.6475517e-03   2.6246285e-02  -1.7465986e-01  -6.0940712e-02  -1.5794756e-02  -5.0791228e-02   1.0183358e-02   1.1094913e-02  -1.1226734e-02  -1.5109842e-02   8.7104350e-02  -5.7635101e-02   1.3427313e-02
