  -9.7625110e-02  -1.4021625e-02  -7.9117924e-03   2.5811402e-02   3.6816720e-02   2.2273614e-02   3.0631866e-02   4.9408094e-03   2.1119242e-02   9.3420042e-02  -4.5174815e-02  -1.2905014e-02  -4.9687514e-02   5.3612096e-02   3.0636638e-02  -3.6932904e-02   9.4873917e-03  -2.2394105e-02   4.3670202e-02   1.6004585e-02   3.7600325e-02   8.7460988e-02   5.1101477e-02  -6.5323516e-02   7.8209439e-02  -3.4006949e-02   9.9734394e-03   7.5714972e-03   6.8171341e-02  -5.2189600e-02
   7.3736981e-03  -8.3923153e-03   1.5858509e-02  -5.9718177e-04   1.1242606e-03  -2.5242753e-03   9.3955717e-03   5.0475444e-04  -3.5926285e-03  -1.6038001e-04   1.0448663e-02   5.9364886e-03   1.1778353e-02  -7.2277180e-04   7.3690108e-03   2.1494825e-03  -8.7643073e-03  -1.2413904e-03  -8.7169632e-03   9.1525508e-03  -3.4405060e-05  -1.1520273e-02  -1.6280448e-02   1.3737141e-02  -9.6016915e-03   3.0177652e-03   5.2003773e-03   1.3725709e-03  -1.9794959e-02  -4.6096107e-03
   9.3661870e-02  -8.1820152e-03   1.9431823e-02  -3.7978700e-02  -2.9886293e-02  -2.5968137e-02  -5.3281548e-02  -5.0881167e-02  -4.4867723e-02  -1.2337550e-01   5.2967025e-02  -1.9822852e-02   1.0924859e-01  -4.0275698e-02  -4.5744863e-02   2.8478109e-02  -5.9168152e-06   1.0407683e-02  -4.8692363e-02   8.6608130e-03  -4.1616652e-02  -1.0981265e-01  -7.3546424e-02   7.7489070e-02  -1.4297591e-02   7.7618326e-02   2.5337242e-02  -1.0887874e-02   8.6553238e-03   4.0609304e-02
   3.8832031e-02   2.4848673e-03   7.3350836e-03  -2.2795902e-03  -1.4107153e-02  -1.6197624e-02  -1.4715491e-02  -2.7705146e-04  -2.0109023e-02  -5.3333964e-02   2.5909536e-02   1.0122244e-02   3.3629612e-02  -2.7323009e-02  -1.8779920e-02   2.6125724e-02  -1.1627213e-02   1.7659513e-02  -1.9433344e-02   8.4941810e-04  -1.5010004e-02  -3.7787440e-02  -2.3750798e-02   1.5515352e-02  -2.3961437e-02   1.7834941e-02   7.0339767e-04  -4.7814633e-03  -3.3053259e-02   2.1991432e-02
  -3.2115608e-02  -3.1575635e-03   1.7605684e-02   2.8797600e-03  -3.8786914e-03   1.6446191e-02   2.3252683e-02   1.4459554e-02   2.9920951e-02   4.2654085e-02  -2.8165882e-02   5.0190391e-03  -1.4541060e-02   2.2278134e-02   2.0545333e-02  -1.4685026e-02   6.0457347e-04   3.9637863e-03   1.3904165e-02  -2.9667885e-03   1.2437805e-02   2.9768608e-02   1.1471056e-02   5.4422443e-03   5.9749672e-03  -2.5435177e-02  -1.4099978e-03  -3.4140925e-03   1.9355608e-02  -1.5453095e-02
  -8.6202070e-02  -4.3840667e-03  -1.4211550e-02  -3.5889009e-05   2.2809248e-02   5.9879316e-02   5.9007842e-02   3.2423943e-02   4.0957281e-02   1.2159867e-01  -7.2010877e-02  -1.4244223e-02  -9.4946986e-02   5.8830818e-02   5.7950239e-02  -5.7343455e-02   3.0423880e-03  -4.2938220e-02   3.8173354e-02   1.8669468e-03   1.8119814e-02   1.0386701e-01   2.9809611e-02  -5.0311978e-02   5.8027088e-02  -5.4562612e-02  -9.3839761e-03   1.3252396e-02   5.3103339e-02  -4.2638757e-02
   1.8160344e-01  -1.0440722e-01  -3.1373752e-01  -3.4823096e-01  -2.6702690e-01  -9.0836762e-03  -8.7499920e-02  -9.4720987e-02   4.8831622e-02   4.2637527e-02   9.8292046e-02   6.0544331e-02   2.5875498e-01   1.7293455e-01  -1.2295909e-02   1.1125672e-01   4.9387481e-03  -1.3513557e-01  -7.9517488e-02   6.5492658e-03  -1.5383033e-01   7.9516135e-02   7.8773433e-02  -3.1286680e-01  -4.1147320e-01   7.3104868e-02   1.2655275e-01  -1.5571886e-01  -6.7938855e-01  -6.5348782e-02
   8.9625050e-02   1.4242766e-02   6.5672188e-03  -4.2140454e-02  -1.2488544e-02  -1.2074582e-02  -5.0910008e-02  -3.7504518e-02  -1.8943112e-02  -9.5776568e-02   3.0683607e-02  -4.4700950e-03   6.3302624e-02  -4.4994450e-02  -1.9846829e-02   1.6502190e-02  -2.8270738e-03   8.5498161e-03  -4.1385719e-02   1.5602203e-03  -5.0938098e-02  -8.0699618e-02  -7.8762742e-02   6.3690811e-02  -5.1621070e-02   5.4932881e-02  -4.8374928e-03   1.4160912e-02  -5.2426713e-02   4.8010113e-02
   3.8628439e-02   1.7764265e-03   1.2365854e-02  -1.3749818e-03  -1.5432075e-02  -1.7446050e-02  -1.5275869e-02  -7.5941030e-03  -1.3508746e-02  -5.7716660e-02   2.9954773e-02   1.2796223e-02   3.8249590e-02  -2.4427907e-02  -2.0187996e-02   2.1874645e-02  -7.2686869e-03   1.1098851e-02  -1.8990244e-02   2.5802494e-03  -1.6042140e-02  -4.4458612e-02  -2.4560069e-02   2.0040995e-02  -2.5937503e-02   2.4779208e-02   9.1340077e-03  -4.1659721e-03  -2.8700238e-02   1.8737567e-02
  -6.6097870e-02  -1.7213901e-03  -1.5271011e-02   3.5627341e-03   1.3249343e-02   6.1001009e-02   3.9521168e-02   2.1702249e-02   2.2231790e-02   1.1522806e-01  -6.6660104e-02  -2.0537338e-02  -6.3614813e-02   5.5529167e-02   3.9763523e-02  -3.7840516e-02   1.2315858e-03  -2.7102681e-02   3.2253515e-02  -1.5459292e-03   2.2135859e-02   9.2454839e-02   4.1239588e-02  -5.5489860e-02   6.2737818e-02  -4.6598449e-02  -5.0754868e-03   2.0571407e-02   5.6807146e-02  -3.8776321e-02
   1.0397394e-01   1.6118041e-02  -1.7820783e-02  -1.4434018e-02  -3.3522130e-02  -5.6914022e-02  -7.2698280e-02  -4.8440833e-02  -4.7556143e-02  -1.6842626e-01   8.5035247e-02   1.9981515e-03   8.6609224e-02  -6.9244429e-02  -5.9990937e-02   5.7508390e-02  -1.0943729e-02   1.2795753e-02  -5.9072097e-02   5.8477853e-04  -3.1868064e-02  -1.6235477e-01  -7.3088851e-02   9.2401145e-02  -7.9351598e-02   8.1127267e-02  -2.8474235e-03  -1.4177481e-02  -7.0471392e-02   7.0448485e-02
   1.8904912e-01   8.0840310e-02  -2.6742402e-01  -3.0056458e-01  -1.8180555e-02   4.4591659e-02  -1.9501455e-02   9.0521142e-02   2.3662568e-02  -1.6338082e-02  -5.1472358e-02   1.9745757e-01  -8.1138212e-02  -9.3858708e-02   2.4681775e-01  -8.9564715e-02   1.4210427e-02  -9.9531502e-02  -1.2787782e-02  -2.6689678e-02  -1.1221386e-01  -3.1502922e-02  -7.4013976e-02   3.0522608e-01  -3.1521321e-02  -1.1588527e-02   2.8912101e-02   1.0025106e-01  -2.8726531e-01   6.4283010e-02
  -1.3159032e-01  -4.6132669e-01   3.7258628e-01   5.9575924e-01  -3.6868052e-02  -2.4889438e-01   8.1871917e-02  -1.0522769e-01   3.9441034e-01   1.8365186e-01  -4.0846266e-02   3.6364812e-02  -1.9967141e-01  -7.3396555e-02   2.7859325e-01  -4.2674430e-01  -2.8102418e-02   2.9872676e-01   6.8622235e-03  -2.5400633e-02  -2.2771397e-02   1.2280605e+00   5.2068770e-01  -5.7528431e-01   4.9252709e-01  -5.5743067e-02   4.7799243e-01   2.6838232e-01   3.5022913e-02  -1.6778524e-01
   1.1999969e-01  -8.1767410e-02  -1.7285135e-01   2.4446977e-01   8.5061459e-02  -1.1844337e-01  -6.4785990e-02  -1.0347956e-01   3.2953529e-02   5.6439826e-02   2.6405300e-02  -7.2171781e-02  -1.3404641e-01   1.2686056e-01  -5.0537988e-02  -6.1634850e-02  -1.8617342e-02  -2.3402610e-01  -1.6133922e-02  -8.4439301e-03  -9.2928455e-02   2.5066680e-01   3.4561551e-01  -1.5702654e-01  -3.1975866e-01   6.4315869e-02  -1.4064238e-01  -3.4820906e-02  -1.9607945e-01   1.9904606e-02
   6.3494602e-03  -1.4581914e-03   4.7269802e-04  -1.1914955e-03  -3.6251796e-03   5.5822354e-03  -9.6734189e-04  -3.3442510e-03  -3.0971333e-03  -1.0124571e-02   5.7148304e-04  -3.9761118e-03   4.9009829e-03   2.2820729e-03   1.3673505e-03   1.0675360e-04  -7.3252367e-03  -6.0197474e-04  -5.9033072e-03   1.6346493e-03  -5.2457638e-03  -6.4475365e-03  -1.1625485e-02  -5.3551440e-05   4.4483218e-03   8.1908061e-03   5.9913974e-03  -9.1030666e-04  -6.3453112e-04   3.8958732e-03
  -7.1387927e-02   8.8771932e-02  -1.3614440e-01  -3.9840269e-02  -1.7332739e-01   7.3372461e-02   3.8216428e-02  -1.1392079e-01  -2.2111020e-01  -3.3150103e-01   1.7047607e-01  -1.8303531e-02   6.4735999e-02   1.0235605e-01   1.5926483e-02   1.3699997e-01  -8.4343364e-02  -2.9125965e-01  -1.0070450e-01  -8.5144305e-03   1.7097430e-02   1.7929132e-01  -1.7770218e-01   4.5563582e-02  -4.2148158e-01   8.0026142e-02  -4.4183374e-01  -3.7138490e-02  -6.7050797e-04   6.2402935e-03
  -1.2842718e-01  -2.0170704e-02   1.4772897e-02   6.5007490e-02  -6.0500803e-02   1.1866706e-02   7.9031447e-02   1.0477847e-01   5.9860714e-02   7.6598579e-02  -4.6180020e-02   8.2809866e-02  -1.2193620e-01   4.8726409e-02   1.3937928e-02  -2.2204687e-03   2.3109820e-02  -1.4766132e-02   5.2590682e-02  -1.4176600e-02   7.1008192e-02   1.0588849e-02   1.1738111e-01  -2.5882551e-01   3.7694398e-02  -7.3024439e-02   1.5707117e-02  -8.1068291e-02   9.4173695e-02  -3.4145197e-02
  -9.7876175e-02   9.0158555e-02   3.7585592e-02  -4.5521642e-02  -1.7455247e-01  -2.5652795e-02   3.2901246e-02  -6.4791786e-02   1.6592580e-01  -1.7164111e-01   8.5504860e-02   5.2994608e-02   1.5701816e-01   1.1574877e-01   5.3617564e-02   1.3268504e-02  -4.3419720e-02  -1.7680143e-01  -1.5884926e-02  -1.5205498e-02  -2.2237505e-03  -9.7896168e-02  -3.8564257e-02  -2.3699749e-02  -2.0938978e-01   2.9179493e-02  -3.4621741e-02  -5.2267598e-02   3.3418561e-02  -3.9399774e-02
   3.9650326e-02   2.3419584e-03   1.0701363e-02  -4.4920843e-03  -1.1986617e-02  -2.3333128e-02  -1.9970253e-02  -5.0202310e-03  -1.6864458e-02  -5.7026035e-02   2.8724763e-02   1.6643791e-02   3.8321582e-02  -3.0675860e-02  -1.9929239e-02   1.9949968e-02  -4.3700203e-03   1.6551348e-02  -1.8283076e-02  -3.2221991e-03  -1.7554367e-02  -4.1357324e-02  -2.0058094e-02   1.9165900e-02  -3.0071289e-02   2.0545237e-02   3.2624311e-03  -3.5525580e-03  -3.4361534e-02   2.2728537e-02
  -1.9912881e-01   6.8243168e-02  -3.4953875e-01   4.2055569e-01  -3.6038148e-01   3.9679116e-01   3.4321488e-02  -5.2415875e-01   2.7992731e-03  -1.7574440e-01  -2.3629792e-01   1.4478017e-01  -1.8463845e-01  -4.6652860e-01  -2.0173507e-01  -2.4742413e-01   1.0594960e-01  -4.4704510e-02   5.3842600e-02   3.1792990e-03   2.8508570e-02  -2.1341726e-01   1.5517571e-01  -6.7538785e-01   5.6404461e-01  -5.8121941e-03   4.0623074e-01   5.8593160e-01   3.1666956e-01  -1.4563043e-01
  -1.2684989e-01  -1.5582605e-01   8.3687321e-02  -1.1186287e-01   2.6199266e-01   1.5634521e-01   3.9333631e-01   1.9266595e-01  -6.4249304e-01   1.4496160e-01  -2.1197632e-01   5.1905109e-01  -4.6465132e-01   2.4678107e-02   3.1775451e-01  -3.3707637e-01  -1.1326638e-01   2.1972872e-02   8.0026559e-02  -2.4194367e-01  -1.0265015e-01  -5.5605148e-02   2.8737625e-01  -5.0956747e-01  -1.2960371e-02  -2.5076065e-01   5.6410900e-01   1.8331894e-01   1.6881588e-01  -2.5379198e-02
  -3.4590387e-02  -7.2655716e-02  -1.4024890e-01  -1.7974898e-01  -2.2771702e-02   5.3467584e-02  -2.1880290e-01  -1.5593860e-01   3.6409154e-01  -9.0699247e-02  -2.1453476e-01  -2.3722150e-01  -1.2167489e-02   3.2017596e-01   1.6544795e-01  -1.0449801e-02   1.2566475e-01   2.7544005e-01   4.6696376e-02   1.6815332e-01  -1.6013616e-01  -1.2813610e-03  -2.4996250e-01   1.2536559e-01   5.4394283e-01   5.1400139e-02  -4.1082030e-01   1.3036097e-01   3.7532182e-01  -7.1322323e-02
   2.2156209e-01  -1.3522808e-01   1.0677886e-01   1.0437278e-01   2.1331821e-01   3.0785141e-02  -4.8475167e-02  -2.1492133e-02   8.4051326e-02  -2.5422345e-02  -2.6604403e-01  -1.0085365e-01  -2.8545308e-01  -5.1455041e-02   1.9281537e-01  -2.0855345e-01   1.4692424e-01   1.7578691e-01   4.2825755e-02  -2.1315309e-02  -1.9226976e-01   8.5019931e-02  -7.4160797e-02   1.6825253e-01  -4.5031087e-02  -1.0207448e-01   2.7749698e-01   1.6815504e-03  -7.5473980e-02   1.2340834e-01
   3.1667488e-02   2.9686197e-03   2.6302523e-03  -7.6895088e-03  -1.5036186e-02  -1.4614084e-02  -1.4243439e-02  -4.9810305e-03  -1.4597483e-02  -5.1483825e-02   2.2663279e-02   8.9583522e-03   3.0236087e-02  -2.2350380e-02  -1.2672369e-02   1.3313215e-02  -8.3889501e-03   6.0264812e-03  -1.6627324e-02   8.3685297e-04  -1.4411597e-02  -3.8657903e-02  -2.1319060e-02   1.3731370e-02  -1.6496172e-02   2.0920589e-02   7.6613531e-03  -5.3460199e-04  -2.1428835e-02   1.6875803e-02
   1.1582442e-01   3.0410084e-03   1.8808338e-03  -1.7324187e-02  -3.4253487e-02  -7.0555603e-02  -8.2736344e-02  -6.0138776e-02  -6.4860177e-02  -1.5844035e-01   7.6552775e-02  -1.8233334e-02   1.1169266e-01  -6.2412710e-02  -8.3503766e-02   6.1150538e-02   2.8299906e-03   5.7898853e-02  -4.4603004e-02   9.0401225e-03  -1.7315933e-02  -1.5125180e-01  -3.7511413e-02   5.9864555e-02  -2.7952050e-02   7.8895653e-02   2.4166670e-02  -3.5297195e-02  -9.1697742e-03   5.5172572e-02
  -2.6453577e-02  -2.9708834e-01   2.4703047e-01  -3.7931399e-02   3.8642890e-01   1.0667135e-01  -7.4307641e-02  -1.9225917e-01   3.6784630e-01   5.6836542e-01  -9.7511116e-02  -6.1843887e-01  -1.5619152e-01  -8.6525827e-02  -3.3234281e-01   2.9946178e-02   1.1710791e-01  -1.2862720e-01   6.2759913e-02  -1.4090859e-02   2.6219433e-02  -1.3279487e-01   7.0473608e-02  -2.6491190e-01   6.1483973e-02   7.9639408e-02  -2.3550994e-01   3.9564665e-02  -3.2853660e-01   1.6074056e-01
   3.0899525e-02  -1.0704023e-02   2.3975388e-02   8.8931307e-03  -2.1656895e-02  -1.8339438e-02  -1.6543649e-02  -7.0059530e-05  -1.3837028e-02  -3.9333472e-02   2.6462222e-02   1.9329415e-02   4.5288845e-02  -2.2583098e-02  -2.8798893e-02   3.0102863e-02  -4.5251009e-03   2.2805227e-02  -1.1858253e-02  -4.2907090e-03  -6.8204000e-03  -4.5641603e-02  -6.2112457e-03   1.2580968e-02  -2.8537908e-02   1.8375415e-02   4.5418356e-03  -1.0070537e-02  -2.6760461e-02   1.4909270e-02
  -1.6202538e-01  -1.4405374e-01   3.2876706e-01   1.3143711e-02  -7.4945245e-03  -1.2980496e-02   9.8049413e-02  -2.1445195e-02  -6.5100650e-03   1.6924754e-01  -5.9778527e-02   5.1946069e-02   1.6388091e-01   9.1802614e-02  -7.6251417e-02  -3.4558278e-02  -1.4035370e-04   8.5048165e-02   5.5455879e-02  -2.6969081e-02   5.4170422e-02   2.9355642e-01   2.5971756e-01  -1.8031833e-01   3.4296295e-01  -5.1171160e-02   1.7859378e-02   1.0361435e-02   1.5650250e-01  -7.7187870e-02
