  -8.9688375e-02
  -8.1432704e-03
  -9.6600658e-01
   9.1906501e-01
   1.8829176e-01
  -3.7930377e-01
  -1.3134388e+00
   3.7865200e-01
   5.9821049e-01
   7.0906449e-01
   6.7306361e-01
   9.9555133e-02
   6.9971209e-02
   2.0401555e-01
   1.0553993e-01
  -3.3415617e-01
   1.6822123e-01
   5.6130280e-02
   3.9245384e-01
  -4.5491535e-01
  -4.6231805e-01
   3.1315231e-02
   8.9803605e-01
  -2.2460959e-01
  -1.7604086e-01
  -3.1720746e-01
  -1.6135679e-01
  -2.3107459e-02
  -1.5111031e-01
  -8.4529949e-02
   3.1012543e-01
  -1.2552993e-01
