   9.2190271e-03
   5.5942893e-02
   7.4736177e-02
   6.2411806e-03
  -9.9201002e-01
   1.1159542e+00
  -2.7605428e-01
   6.7427215e-01
   1.8453481e-01
   2.1813539e-01
   2.1079859e-02
  -1.3754609e+00
  -6.7618844e-02
  -9.4286206e-02
   1.5168086e-02
  -1.0159861e+00
   6.6177900e-02
  -8.0760780e-02
  -4.1204251e-02
   1.1687264e-01
  -5.6802325e-01
  -1.7769245e-01
  -2.1690825e-02
   1.3396652e-02
  -4.7507411e-01
   1.6814078e-02
   1.6461958e-01
   1.3401511e-02
  -1.2739821e-01
  -1.8694300e-01
  -9.4944149e-03
   3.1060264e-01
   1.0364136e-02
   7.2969700e-02
  -1.1523730e+00
   2.1590933e-02
  -4.9995294e-01
   5.0308057e-01
  -2.8696906e-02
