  -2.2549812e-02  -4.1571397e-02  -1.2842734e-01   8.7858107e-02  -4.3997095e-02  -4.4236505e-02  -4.2169728e-03  -3.5988529e-03   1.2899114e-01   1.3297347e-01  -4.2271540e-03   3.2793715e-02  -5.8273810e-02   4.6681826e-02  -6.3272627e-02   2.3958016e-03  -1.9759136e-02  -1.7332476e-01   3.0381192e-02   7.7411347e-02  -1.9360891e-02   8.5815817e-02  -4.4569800e-03   3.7860259e-03   2.4005907e-02   9.3914500e-02  -2.0905341e-02  -2.1881877e-02   6.3645446e-02  -1.2120899e-02  -3.1837944e-02  -1.2564690e-01  -6.1237777e-03
   2.1315397e-03   8.1841738e-03   2.9431026e-02  -1.0803526e-02   1.1988892e-02   7.7910672e-03   4.1758078e-04  -1.2470454e-03  -1.3790800e-02  -2.0340098e-02  -2.5103932e-03  -4.4841577e-03   1.0248414e-02  -9.0066676e-03   1.0768891e-02  -1.8128999e-03   3.3140592e-03   3.6525237e-02  -3.8852500e-03  -2.3964538e-02   9.5745699e-03  -8.7964085e-03   1.5612833e-03  -9.4004805e-04  -4.9180557e-03  -2.7866959e-02  -1.1313885e-02   8.2402657e-03  -1.2457279e-02   2.2329377e-04   6.4143200e-03   3.1402483e-02  -8.0239364e-05
   7.3733297e-03   3.2901594e-02   1.9375782e-01  -8.3146669e-02   7.5920802e-02   4.2167190e-02  -9.6450064e-03  -3.6027048e-02  -1.5234474e-01  -1.0731703e-01   1.1173016e-02  -3.1918084e-02   1.2503919e-01  -5.6840649e-02   7.5148008e-02  -1.2942557e-02  -7.8773129e-02   1.8981181e-01  -3.9577568e-02  -8.0891637e-02   3.5157766e-02  -8.9928345e-02  -4.6824983e-03  -6.8076467e-03  -1.5996647e-02  -9.5559170e-02   7.6434950e-02   8.7588745e-02  -9.9673991e-02  -2.1150301e-02   9.7154045e-03   1.6033316e-01   2.4116376e-03
  -6.3469290e-03  -2.1443508e-02  -8.4648062e-02   3.4171634e-02  -3.6195626e-02  -2.1652686e-02   4.4046884e-05   5.9948733e-03   5.3496823e-02   5.2990865e-02   2.6519047e-03   1.1526781e-02  -3.9573487e-02   2.7931815e-02  -2.8115263e-02   5.6284031e-03   2.6358297e-03  -9.9183913e-02   7.8954311e-03   6.3916413e-02  -3.3320504e-02   2.9555259e-02  -7.8723460e-04   4.6191077e-03   1.2234686e-02   7.3732541e-02   8.7382339e-03  -3.8670152e-02   3.8729737e-02   1.9913797e-03  -1.6767143e-02  -8.6209563e-02   8.4202350e-05
  -1.2986415e-02  -2.9118575e-02  -1.1332170e-01   4.7701426e-02  -4.7987311e-02  -2.9866097e-02  -5.2445173e-04   9.3961359e-03   7.8170169e-02   7.2470569e-02   5.1709945e-03   1.7622467e-02  -5.4569018e-02   3.5520229e-02  -3.9742683e-02   5.7299235e-03  -4.7209947e-06  -1.3339083e-01   1.0560691e-02   8.4289658e-02  -4.2294247e-02   4.0291229e-02  -4.0265572e-03   2.7227730e-03   1.6295024e-02   9.3324139e-02  -3.4159896e-03  -5.2687688e-02   4.9494274e-02   1.7597161e-03  -2.2867837e-02  -1.1237922e-01  -9.7872139e-04
  -1.7735087e-02   1.1938042e-01   9.8950058e-03  -2.6416168e-01  -1.9324326e-03   5.5677531e-02   7.9794760e-02   1.2528008e-01  -2.8326645e-01  -2.8052527e-01   5.9024355e-03  -2.0284293e-01  -2.6418740e-05  -5.4867234e-03   1.0984200e-01   1.5119360e-02  -6.6716326e-02   1.9011616e-01   2.3305299e-02  -5.8836380e-02   3.7509210e-02  -2.0420461e-02   3.8986937e-02   5.1075009e-03  -9.8204102e-02   2.7974245e-02  -8.6087735e-02  -3.9895221e-02  -4.6036576e-02   3.3520586e-02   8.9539426e-02   8.4986348e-02   1.7043871e-02
   7.2013852e-04   7.3883964e-04   3.8982715e-03  -1.4869975e-03  -3.0820054e-04  -2.6093894e-03  -6.5804658e-05  -3.3871669e-03   2.3315646e-04  -1.4279415e-03  -2.8623484e-04  -5.0761378e-04   3.1799138e-03  -1.5728675e-03  -3.7520088e-03  -1.6736018e-03  -4.9085973e-03   1.1573519e-03  -8.0158505e-04   1.8234204e-04   1.1654986e-03   2.9637304e-03  -3.4469166e-04  -3.5688443e-03   1.2344259e-04  -2.5667932e-03   3.1380863e-03   1.8322439e-03   9.1708104e-04  -1.3643030e-03   3.7021067e-06   1.6146234e-03  -5.7862480e-04
   4.6543230e-01  -4.5655913e-01   7.2147444e-01  -5.0645273e-01   2.0383282e-01   3.6846485e-01  -5.6153769e-01  -5.1397929e-01  -1.3940644e-01  -2.5660481e-01   5.3200151e-01   1.8577301e-01  -3.5027632e-01  -2.3989064e-01   4.1447243e-01   2.6564656e-01  -6.3426053e-01  -4.6668489e-02  -3.4584029e-01  -8.6538805e-01   5.6493408e-01  -5.8089160e-01  -2.0776464e-01   3.4278820e-01   2.7374788e-01   2.3779484e-01  -1.0813257e-01   2.7397590e-01  -7.3900592e-02  -8.2886955e-02   3.9534265e-01   8.7772322e-01  -9.3191803e-02
  -7.8761664e-02   2.7368718e-02  -1.4064634e-01   5.4835191e-02  -4.1430123e-02  -1.4255018e-01   8.7343710e-02   7.0615379e-02   3.7422023e-01   2.3755477e-01  -1.4210565e-01   6.4060215e-02  -2.2784529e-01   1.3065640e-01  -2.0477139e-01  -5.6619607e-02   1.3763410e-01  -1.5196759e-01  -5.2481188e-02   5.6525794e-03   7.3425771e-02   3.5029746e-01   6.6743369e-02  -7.9543016e-02  -3.6372224e-02   9.5388834e-02  -3.2905561e-01  -1.2163364e-01   1.9734021e-01  -1.4760695e-01  -9.5116777e-02  -2.5885722e-01   4.5429622e-03
  -3.3648377e-01  -1.0024087e-01  -8.1863150e-02   1.9910801e-01   3.1681284e-01  -1.2053192e-01  -1.6796078e-01  -1.3077632e-01   9.8685828e-01   3.1016221e-01  -1.0532566e-01   3.6975217e-01   1.6060294e-01   1.3275155e-01  -1.8934733e-03  -1.1468515e-01  -5.8164056e-01   6.6846234e-02  -4.2846487e-01  -1.6767107e-01   5.4150937e-01   2.3013234e-02  -3.3509725e-02  -1.0083179e-01   2.3775266e-02   2.6079273e-01  -3.1849606e-01  -5.0335156e-01  -1.3043796e-02   4.7268583e-03  -5.1393763e-02   9.6623177e-02  -1.0067983e-01
   1.5327719e-01   9.6209303e-02  -3.4754839e-02   2.9025935e-01   2.1528202e-01   4.9118145e-02  -3.8674315e-03   6.0521815e-02   2.6479842e-01  -1.8929720e-01   5.5039768e-02   2.3167976e-01  -4.1029302e-02   3.1610633e-02   1.4455594e-01   7.0616785e-02  -4.9437381e-01   4.1178714e-02   6.7546630e-02  -1.4680399e-01  -1.6077707e-01  -4.6308396e-01   9.4295835e-02   6.6324448e-02  -9.7522466e-02   8.6543273e-02  -5.9674302e-02  -1.8047244e-01  -3.8134611e-01   1.6835387e-01   3.2752629e-01   2.3431173e-01   1.1822679e-02
  -4.4177801e-02  -3.3593112e-02   1.2337559e-01   6.9271470e-02   3.6100603e-01   1.4847602e-01  -8.8170154e-02   1.4621073e-02  -6.3641011e-02  -3.2022542e-01   1.6479552e-01   4.8676555e-02  -1.6915987e-01  -1.0801765e-01   2.5542410e-01   9.4246536e-02   3.0292898e-01  -1.1300354e-01   1.0694235e-01   2.0970889e-01   1.3831951e-01  -3.9849544e-01  -5.4938523e-02  -1.5185776e-03  -4.2648483e-02   2.1826816e-01  -1.4843849e-01   3.6844760e-01   1.2965018e-02   2.8162299e-01   2.1440587e-01  -3.8995019e-02   2.6177939e-02
   9.4549088e-03   1.9383745e-02   5.8417278e-02  -2.7538541e-02   7.8644101e-03   9.4716757e-03   9.8934987e-03  -7.5634704e-03  -3.4681873e-02  -2.7863914e-02  -1.8496187e-02  -2.0086858e-02   1.2190392e-02  -1.4213699e-02   2.6365456e-02   2.5682186e-03   1.2034958e-02   7.8658345e-02  -1.9140484e-02  -4.5502626e-02   5.0999351e-03  -1.0809747e-02   6.9641413e-03   7.6475157e-03  -1.0886499e-02  -5.7994524e-02   1.1617929e-02   5.7227568e-03  -3.8314954e-02  -1.6103149e-02   1.6633744e-02   6.6801550e-02   1.9956991e-03
  -4.1364178e-03  -1.3622812e-02  -4.7402584e-02   1.8788694e-02  -1.8829978e-02  -1.2169628e-02  -3.9107550e-04   2.0205907e-03   2.2935906e-02   3.3085469e-02   3.5216854e-03   6.8932346e-03  -1.8613753e-02   1.5265889e-02  -1.6065067e-02   3.0108937e-03  -2.6115016e-03  -5.9000394e-02   5.5139039e-03   3.8404541e-02  -1.7383517e-02   1.3707205e-02  -1.5722883e-03   2.2354447e-03   8.2457008e-03   4.6004631e-02   1.3488505e-02  -1.6676986e-02   2.0723524e-02   5.5836370e-04  -1.1074935e-02  -5.1346261e-02  -6.2802160e-06
  -8.7951509e-03  -2.1555741e-02  -7.9149258e-02   3.1506316e-02  -3.2566086e-02  -2.0192378e-02  -7.7818381e-04   5.5867875e-03   4.7173608e-02   5.1635970e-02   5.4879148e-03   1.0186500e-02  -3.4319912e-02   2.5060864e-02  -2.7001189e-02   4.4513990e-03  -4.7754591e-03  -9.5880864e-02   7.1171060e-03   6.3128825e-02  -3.2147242e-02   2.4698505e-02  -3.5365514e-03   2.8158634e-03   1.2483902e-02   7.1875254e-02   1.0973643e-02  -3.1438991e-02   3.4018005e-02   2.5201008e-04  -1.7313738e-02  -8.3739125e-02  -3.2156682e-04
   8.3646280e-03   2.1390200e-02   1.1441926e-01  -4.1313863e-02   5.3629766e-02   3.3148201e-02  -9.0780205e-03  -1.4799418e-02  -8.4586532e-02  -7.0359482e-02   1.4921111e-02  -2.3491941e-02   6.1563035e-02  -3.8453102e-02   5.1712203e-02  -1.9457229e-03  -3.5636410e-02   1.1432208e-01  -5.5500203e-03  -6.2901431e-02   3.3854435e-02  -5.1669338e-02   2.2821406e-04  -2.7575411e-03  -1.7660363e-02  -7.4897378e-02   7.9355947e-03   7.1049627e-02  -6.0011276e-02  -7.3512253e-03   1.4352808e-02   9.9551992e-02   2.7188603e-03
   6.1158656e-03   2.4214213e-02   1.1012027e-01  -3.7452802e-02   4.8651705e-02   2.4514014e-02  -3.3339748e-03  -1.1386377e-02  -7.2500556e-02  -5.7779871e-02   1.3562119e-03  -1.3418455e-02   5.7290805e-02  -3.4373752e-02   3.4380996e-02  -7.1480718e-03  -1.6713041e-02   1.1799019e-01  -6.1037489e-03  -7.2210924e-02   3.6950317e-02  -3.7609192e-02   1.7893976e-03  -4.9928652e-03  -1.3668223e-02  -8.1883933e-02   7.3525041e-03   5.7413238e-02  -4.9693425e-02  -4.8495831e-03   1.4828618e-02   1.0097332e-01   1.3601557e-04
   9.5771300e-03   2.8783902e-02   1.3135761e-01  -5.1295672e-02   5.8683991e-02   3.2762794e-02  -4.2035803e-03  -1.4265565e-02  -9.1001469e-02  -7.6729604e-02   4.0041422e-03  -2.0281477e-02   6.9826531e-02  -4.0915785e-02   4.6859500e-02  -7.3348808e-03  -2.3654176e-02   1.3996659e-01  -8.1156029e-03  -8.3249181e-02   4.0126066e-02  -5.0409620e-02   1.5897152e-03  -3.9746187e-03  -1.5848326e-02  -9.1568205e-02   1.7186954e-02   7.1339419e-02  -5.9626618e-02  -9.1539341e-03   1.7151832e-02   1.1840244e-01   1.1544726e-03
  -5.4777249e-02   1.6069815e-02   1.1723238e-01  -3.6272040e-02  -9.7191648e-02  -4.8106673e-03  -6.4804501e-03   7.0688635e-02  -7.8845965e-01   3.6971300e-01   1.6045620e-01  -2.3407568e-02  -1.6982293e-02   4.7918572e-02   2.9088559e-02   4.0208580e-03   1.7027339e-01  -4.5267094e-02   7.5972061e-01  -7.5058229e-02   5.1759318e-02   1.6720862e-01   6.3905145e-02   1.1573777e-02  -3.3681069e-02  -2.6127371e-01  -2.4115251e-01   2.3742462e-01   8.3003217e-05  -1.4858227e-01   8.7235106e-03  -1.8605953e-02  -3.8158216e-03
   5.6340387e-03   2.6928305e-02   1.4895731e-01  -4.5778318e-02   7.1930011e-02   3.5093762e-02  -1.1545181e-02  -2.0608693e-02  -1.0800386e-01  -7.4191582e-02   1.4601549e-02  -1.6443713e-02   8.8079632e-02  -4.5651484e-02   5.4536599e-02  -8.5911527e-03  -5.1791440e-02   1.4117745e-01  -5.1178051e-03  -7.7706251e-02   4.0168089e-02  -5.6174614e-02  -8.2880298e-04  -5.4601668e-03  -1.4308562e-02  -8.7970872e-02   3.6462378e-02   9.5189088e-02  -7.2414818e-02  -1.6834787e-02   1.0261363e-02   1.2687011e-01   8.3901199e-04
  -1.1064893e-01   5.7685973e-02   5.3726907e-03  -1.1266728e-01  -1.1524953e-01  -2.2170578e-02   1.6305801e-01   1.9824200e-01  -1.5966033e-01   2.4671694e-02  -9.3585816e-02  -6.2347138e-01  -1.8387476e-01   2.9092342e-02   1.0759798e-01   8.5332618e-02   1.4084628e-01   1.6700338e-02  -4.3617493e-01   5.5001149e-01  -5.4738228e-02  -1.1279339e-01   1.2853855e-01  -5.3436464e-02  -2.0684764e-01  -4.4170969e-01   5.6479146e-01   3.3648832e-01  -1.8767570e-01  -3.0266995e-01   5.1932361e-02   3.9538242e-02   6.3430864e-02
  -4.9058512e-02   2.6815960e-02  -3.3073720e-01  -5.4185969e-03  -1.1731037e-01  -1.7975433e-02   5.3908824e-02   1.8330813e-01   5.8204114e-02   9.5875957e-02   8.2898111e-02  -2.2965651e-01  -8.2230967e-02   1.4327947e-02   2.0785915e-01   9.7790510e-02   1.3752545e-01   3.2091539e-02  -1.0265005e-01   2.5424919e-01   2.1807346e-01  -1.7008087e-01   5.7544379e-02  -9.3460992e-03  -1.1488805e-01  -1.5118291e-01  -1.2208285e-01   3.5901832e-01  -1.7983467e-01  -7.1575254e-02  -2.5541271e-02  -4.4317844e-01   1.5552265e-02
  -1.6150535e-02  -8.2443376e-02   1.0342026e-01  -2.7028141e-02   1.1702542e-01  -1.3771677e-01   4.4191889e-02  -2.7439593e-01  -4.7555242e-01   4.1016282e-03  -1.3243720e-01   3.2824312e-01   1.4209237e-02  -2.1328879e-02   4.1889248e-02  -5.6103337e-02  -4.1990374e-01  -2.9560680e-01  -4.3206821e-01   6.2838360e-01  -1.8911631e-03  -1.0503948e-01  -9.0171055e-02  -1.6751487e-01   8.0764776e-02   4.5686477e-01  -4.4563552e-01   5.6565370e-01  -8.8849488e-02   9.3255931e-02   7.2539106e-02  -1.8380848e-02   4.2276766e-02
  -3.6576660e-03  -8.3046813e-03  -2.8518946e-02   1.1122536e-02  -9.8389965e-03  -6.6153146e-03  -1.9900159e-03   9.2239620e-04   1.2373980e-02   2.0338258e-02   2.1963071e-03   6.0595479e-03  -8.2387368e-03   9.2937086e-03  -1.2603330e-02   1.0552850e-03  -1.2903854e-03  -3.5950971e-02   3.1814166e-03   2.2965989e-02  -1.0229946e-02   9.6152924e-03  -1.1744672e-03   8.7413090e-04   6.1821804e-03   3.0848611e-02   9.3601842e-03  -8.3915689e-03   1.3297574e-02   4.2857074e-03  -6.5942529e-03  -3.1726999e-02  -1.1019239e-03
