   1.0727891e-01
   1.5056462e-02
   2.9447202e-01
  -1.7982373e-02
   1.3555404e-01
  -1.4126942e-01
  -6.0077392e-02
   1.1243549e-01
   1.0515750e-01
  -2.0539060e-01
  -4.1481700e-02
   1.8888691e-02
   2.7029000e-01
  -4.9369976e-01
   3.8523161e-03
   2.0311030e-02
   7.1011451e-01
  -7.1917169e-01
  -2.1011217e-01
  -1.6519596e-02
  -3.1756570e-01
  -1.5880041e-01
  -5.7691249e-01
   3.3469092e-02
   8.9834222e-03
   1.4161458e-01
   2.0276092e-01
   5.1224650e-02
  -6.6583320e-02
  -3.7107943e-02
   2.3180987e-01
   7.5871452e-02
   2.0254248e-02
   2.3216522e-04
   1.5053539e-02
   4.7657376e-01
   1.5112023e-01
   5.8876398e-02
   6.4326325e-02
  -4.7318220e-02
  -1.3703374e-02
   1.5556619e-01
   4.5473437e-02
   1.0673106e-01
   7.2670523e-02
   3.6175199e-01
   1.1444865e-01
