  -2.1886310e-01   3.0014808e-01   3.6254652e-01   5.4510792e-01   3.7113490e-01   1.6093009e-01  -1.4347119e-01   3.1447606e-01   6.0350725e-01
  -5.6338463e-02  -6.5575453e-02  -1.4477667e-01  -1.0855646e-01   2.2893802e-01  -2.6178656e-01   8.0385156e-02   1.0323577e-01   6.0454478e-02
   3.6984077e-01   3.2987094e-01   3.8198577e-01  -1.2196055e-01  -1.0557431e+00   5.7503078e-01  -5.8340897e-01   2.4814291e-01   5.7750884e-01
  -1.3757813e-01   2.9985132e-01  -4.4247813e-01   4.5039092e-01  -3.8413963e-01  -4.3263946e-01   2.3589606e-01  -2.3372521e-02  -8.4306594e-02
   5.4617997e-02   6.3746452e-01   7.1583986e-01   4.6729579e-01  -2.3324593e-01  -8.9025347e-01  -3.1264546e-01   3.3547996e-01  -7.5035375e-01
  -1.2153982e-01   2.3868421e-02   3.1706607e-01   2.1994294e-01   2.6855915e-01  -2.3985938e-01  -2.5288161e-01  -6.7793738e-01   1.1464746e-01
  -1.3150113e-02  -5.5588731e-02   1.7747038e-02   9.3926624e-02   7.4478452e-02  -5.1368078e-02   7.3352086e-02  -9.8367583e-02   7.2065553e-02
  -5.8313317e-01   7.1344591e-01  -6.9294634e-01  -1.2281126e-01  -4.1067005e-01  -3.0081029e-03   6.9606936e-01  -2.0241314e-01   3.2496047e-01
  -2.9462621e-01  -6.6881087e-02  -8.4912090e-02  -4.4492045e-01   5.5964723e-01  -1.1242950e-01   2.4735392e-01   2.4960950e-01   8.7661452e-03
   3.0929910e-01  -1.6396379e+00   1.9418019e-01  -6.9964147e-02   3.7483033e-01  -1.0901611e+00  -9.2700954e-01  -5.3078460e-01   1.8120167e-01
  -4.5891453e-01   2.4641559e-01   5.7150991e-02  -3.6388333e-02   2.9276689e-02   2.3548087e-01  -2.6244916e-02   2.7499702e-01  -1.8433559e-01
  -3.7022608e-01   2.5143463e-01  -1.3094128e-01   3.5039160e-01   3.0338753e-02   1.5500726e-01  -6.6388090e-02   2.3373165e-01   3.5998331e-02
   1.2501870e-01  -1.3256158e-01   1.6032425e-01  -1.9504829e-01  -3.8380715e-01   1.7483069e-01  -5.9458978e-02  -3.5801556e-01  -6.3883634e-04
   9.7956318e-02   2.9384378e-01   8.1084754e-02   1.8186388e-01  -1.1220487e-01  -3.1435833e-01   1.2393961e-01   2.2408775e-01   1.2235874e-01
   8.9035927e-02   1.2707356e-01   5.1194540e-02  -1.2897183e-01  -1.4072430e-01   1.1507983e-01  -3.1610676e-01   3.2216962e-03   1.9082864e+00
  -1.5514572e-02  -5.5110775e-02   7.6661644e-03   1.0549668e-02   6.7637765e-02  -6.5411569e-02  -1.5799078e-01  -2.7221218e-01  -1.7979766e-01
   4.9778523e-01  -4.0452085e-01  -1.9040010e-01   5.8658977e-03   5.5951862e-02  -2.4845897e-01   6.6816544e-02  -4.8834909e-01   3.2895061e-01
  -6.2188798e-03  -2.0588003e-02  -1.1639215e-01   1.9760037e-01   1.8813260e-02   4.5682489e-02  -1.5793954e-03   4.5436795e-02   3.0195693e-01
  -2.1327939e-01  -2.2769329e-02   1.1501464e-01  -5.9852040e-02   8.6005178e-02   1.4193958e-01  -1.0429158e-01   3.9802119e-01   5.2374035e-03
  -1.7937578e-01  -2.5536618e-01  -2.3922510e-02   2.5233232e-01   9.2781319e-02   1.3126817e-01  -1.5282233e-02   2.0160303e-02   2.3684622e-01
  -6.0303914e-02  -1.7758852e-01  -7.0321911e-02   5.6212084e-02   1.0538647e-01  -3.3532136e-02   5.6003325e-02  -5.0231215e-02   3.0612735e-02
   1.0482114e-02  -2.3488850e-01  -7.1021145e-01  -3.3377632e-01  -8.2755799e-02  -4.0073823e-01  -2.6500461e-01   4.0753024e-01   2.1698646e-01
  -1.7881681e-01  -1.5021079e-01   2.2879799e-01   9.3652163e-01  -1.8001754e-01  -6.3066124e-01   4.4240817e-01  -5.9795288e-01  -7.0269184e-01
   3.2903133e-02  -2.2964973e-01   4.8600582e-02  -6.0587444e-01  -2.9939312e-02  -2.6959922e-01  -6.4971628e-02  -1.5267721e-01  -2.0256125e-01
  -1.8253365e-01   1.1583365e-01  -2.4291325e-01  -3.3958288e-01  -4.4490950e-01  -3.3031116e-02  -1.7467240e-02  -1.2304839e-01   2.8046971e-01
   3.1847501e-01   7.8521459e-02  -1.9724422e-01  -5.2115861e-01  -1.7394380e-01  -3.6348671e-01   5.3306282e-02  -1.8232993e-01  -7.9676672e-01
  -3.1070050e-02  -1.9513324e-01  -1.5063085e-01  -3.7418391e-01  -8.2519876e-02  -4.8697444e-01   1.3494501e-02  -3.5801842e-01  -1.1807356e+00
