  -1.9041205e-02  -3.3082021e-02   4.9169996e-03  -1.9102540e-02  -3.9185029e-03  -5.3078405e-03   1.2873324e-02   7.5867946e-02   2.9880237e-02  -5.6515206e-02   9.0779765e-02   6.2660298e-02   4.0396027e-02  -1.6583524e-02  -2.7873909e-02  -3.1413043e-02  -3.1280394e-02   2.4045795e-02  -2.2618267e-02  -4.4223198e-02  -5.3456701e-02   2.2924324e-02
  -1.0489181e-01   1.8572260e-01  -8.2300334e-01   5.7417601e-02   8.2747869e-02   9.7402362e-02  -5.4430353e-01   1.8283322e-01   3.3958429e-01  -3.3890594e-01  -1.4230260e-01   1.0285412e-01   3.1714527e-01   8.8834198e-02  -1.5629022e-01   4.8213630e-02  -1.9554947e-01  -1.5865580e-02  -4.5880395e-02  -2.6947277e-01   1.6661596e-01  -2.9133639e-02
   1.0646921e-01   9.1299496e-03   2.5709456e-02  -1.4752676e-01   1.6261393e-02   5.1657160e-03   1.0381229e-01   1.5184415e-01  -4.5050047e-03  -8.5319991e-02   6.9747725e-02  -5.0700576e-02   3.9345691e-02  -1.1365313e-01  -3.8763150e-02  -9.4823210e-02  -6.0394945e-02   7.6517420e-02  -1.5951088e-02  -9.3590241e-02  -1.8231404e-01   1.1153159e-01
   3.9446172e-03   2.0188718e-01  -6.6506281e-01   4.0012144e-03  -1.3373354e-01  -9.0159569e-02   7.2515118e-01   2.2109988e-01   2.9646624e-01   4.1599302e-01  -9.2581322e-02  -9.4787300e-01  -5.9080217e-01  -4.2316599e-02   8.6075333e-02  -1.3972418e-01   3.9252825e-01   1.1148098e-01  -1.1167582e-01   1.0569840e-01   3.8746114e-02   1.6386599e-01
  -4.9420962e-01   8.5357469e-02   6.5552789e-01   3.1788865e-01  -4.4104233e-01   9.9327259e-02  -4.7475051e-02  -2.2160649e-01   4.6765257e-02  -3.3085192e-01  -2.1017931e-01  -5.9655912e-01  -1.5371400e-01   2.5919986e-01   6.9043014e-02   3.1432414e-02   7.8471536e-01  -2.1685238e-01   1.3435800e-01   2.5231871e-01   6.5598546e-01   7.1817410e-02
  -3.3678385e-01  -3.0199582e-02   2.2733020e-01   3.2406742e-01  -3.6382329e-02  -3.5070305e-01   8.5305914e-01   7.9129449e-02   1.5126939e-02  -2.3688379e-02   1.7801977e-01   2.1662669e-01  -3.7794671e-01  -2.2218914e-01   2.3229019e-01  -5.1971902e-02  -1.0877573e-01   2.3606424e-02   6.7034183e-02   1.2576097e-01   9.5246556e-02   3.2106283e-01
  -1.3764290e-01   9.6566425e-02  -1.9037425e-02   2.4308314e-01  -9.2520839e-02   6.9660942e-03  -9.4835874e-02  -1.2173058e-01   3.1462175e-02   2.0498168e-02  -9.0598663e-02   3.1815564e-01  -9.4074168e-02   1.3630755e-01   6.6711693e-02   9.2598424e-02  -3.4569120e-02  -1.0971854e-01   4.7471871e-02   9.9281254e-02   1.6103817e-01  -6.6744640e-02
   1.3815615e-02   9.0417620e-02  -6.7670531e-02  -2.3639316e-01   1.9924469e-01   1.0768202e+00   1.8840640e-01   3.2787269e-01   1.9565808e-01  -1.0316570e+00  -3.7860116e-01   1.0474412e-01  -5.4324483e-02  -2.7274470e-01  -8.0434217e-02  -1.0129663e-01  -1.5292065e-01   1.5001381e-01  -1.1882450e-01  -3.9624828e-01  -1.5520394e-01  -3.0145268e-01
   1.5767226e-02  -1.3656507e-02  -1.4116394e-02  -2.1430235e-03  -1.3930501e-02  -5.4148376e-02   3.8237095e-02   1.5057032e-03  -2.6938946e-02   2.6988937e-03   2.9031677e-02  -2.7139290e-02   1.1303262e-02   1.7338078e-02   1.8276864e-02   1.3204422e-02  -8.2963296e-04   6.7146670e-03   2.0321916e-02  -3.2156301e-04  -1.4369214e-02   1.9639803e-03
   3.0335583e-01   4.2058206e-02   1.7807292e-01  -4.6780719e-02   2.1115017e-01   1.6382776e-01   3.3833915e-02   1.9400945e-01   2.1836944e-01  -1.8154260e-01  -1.0524619e-01  -1.9713100e-02  -2.6242133e-01  -2.1557189e-01  -4.6608580e-02  -9.2900413e-02   6.2342719e-02   1.0096125e-01  -1.4366896e-01  -1.9036972e-01  -2.6307409e-01   1.7143631e-01
   5.0341910e-01  -2.1184059e-01  -2.5629275e-01  -5.4395057e-01   5.7558330e-02  -8.0842471e-02  -1.7885677e-01   1.7390308e-01  -1.8116765e-01   5.3240177e-01   6.4372134e-02   5.7371027e-01   1.2205766e-01   2.0910728e-01  -2.4978932e-01   1.4106928e-01  -8.0927576e-01   1.5929405e-01   2.4471130e-01  -1.9529968e-01  -1.4605391e-01   7.5319773e-01
  -6.3392889e-01   6.5593649e-02   2.3976739e-01   6.0154519e-01  -2.5344136e-01   1.2446395e-01   3.0564756e-01  -1.1009560e-01   4.3620491e-01  -3.7994773e-01   1.2090926e-01   3.9432682e-02  -2.0883894e-01  -2.8379100e-01   1.9038215e-01  -1.2029820e-01   7.4397963e-02  -2.1907316e-01  -2.7371409e-01   1.1919064e-01   2.9252588e-01   4.1421665e-02
  -6.3381651e-02  -7.4421971e-02   7.7119318e-02   3.1873587e-01   5.3637451e-01  -1.9600711e-01  -2.4203665e-01   1.5621000e-01   3.6618813e-02   2.0419175e-02  -4.2923059e-01  -7.3183616e-01   1.9583081e-01  -5.3268932e-02  -6.5499941e-02  -7.8820123e-02   7.5367799e-02   1.1352339e-01  -1.0422595e-01  -1.4368885e-01  -2.7548818e-01  -3.5619741e-02
   3.9292146e-02  -1.0229354e-03   1.2069979e-01  -2.4466496e-01  -4.5682952e-02   9.6817710e-03   1.5214487e-01   2.1805143e-01   6.0670995e-02  -6.8981912e-02   1.6032088e-01   3.0649286e-02   1.1011684e-01   1.1333856e-02  -8.0879930e-02  -7.3590758e-02   3.7522041e-02   7.5569538e-02   1.8832947e-02  -9.7378284e-02  -2.1753463e-01   1.6997965e-01
  -2.7194098e-01   5.9626517e-03  -2.0556160e-01  -1.8319220e-01  -6.8939067e-02   5.8291001e-01   3.3205197e-02  -3.4519944e-01  -1.2371501e-01   3.1566938e-01  -3.2905962e-01   2.3511049e-01  -1.2178847e-01  -4.2524566e-01   2.6457005e-01  -1.6878785e-01   4.2733049e-02  -1.8868774e-01  -2.1978353e-01   2.7758386e-01   6.0644182e-02  -8.6632417e-01
   7.7148809e-02  -3.5499138e-03   7.2365779e-03  -4.2833543e-02  -8.3479765e-03  -1.5256338e-02   7.1145254e-02   1.3715966e-01   1.3116180e-02  -1.1484520e-01   8.2175984e-02   8.0891138e-02   1.6918905e-02  -1.1372960e-01  -2.2708707e-02  -8.2938593e-02  -1.0909001e-01   6.9190723e-02  -2.0760139e-02  -1.1769982e-01  -1.4810284e-01   1.2941851e-01
   1.6293643e-01  -1.2181990e-01  -1.2461092e-01  -3.2136980e-01   6.8063515e-02  -3.3608874e-01  -8.5233761e-01   1.3153727e-01  -6.7456652e-01   8.7306532e-02   2.0108774e-01   4.3937554e-01  -3.0016800e-02  -8.1742946e-02  -9.6557735e-02   2.1065273e-02  -4.2075217e-01   3.6392228e-01   2.4818947e-01  -4.0949543e-01  -5.1046279e-01  -1.3783432e-01
   1.3504858e-01  -8.7176125e-02  -1.1132419e-01  -6.5072441e-02   1.4751010e-01  -8.0348217e-02  -1.5896919e-01  -4.8722237e-03  -5.4386975e-02   2.1160975e-01   4.8118406e-02   4.1169382e-02  -1.9563576e-02   1.5862852e-02  -6.7951903e-02   4.2393991e-02   1.1585247e-02   4.3941582e-02   1.1875816e-02  -7.2076633e-02  -1.2552119e-01   2.8951231e-02
