   1.2459437e-01   4.9667212e-01   3.3063308e-01   6.5450988e-02   1.6947260e-01  -6.7952722e-02   2.9900798e-01   6.2064522e-01   1.5979536e-01
   6.4877172e-01   4.2150610e-01   4.5929199e-01   5.8520977e-01   5.3778094e-01  -3.9084652e-01   4.7591088e-01  -1.2579122e-01   1.2290339e-01
  -1.6686863e-01  -5.1370187e-02   1.9464726e-02   6.7794050e-01  -1.3945310e-01  -5.1763738e-01   1.9644866e-01   1.1180176e-01  -7.1798724e-02
   4.0594650e-01   1.0589313e+00   7.0372196e-01  -5.4861026e-02   3.8829921e-01  -1.4961704e-01  -5.4896891e-01   1.5466738e-02   3.2220961e-01
   1.5340129e-01   4.0288259e-01   1.6484461e-01   2.1972852e-02  -1.4860671e-01   1.0301646e-01  -1.7025432e-01  -1.3127424e-01   9.7617322e-02
   1.8332456e-01   6.3532862e-03   2.5925161e-01  -1.1667209e-01   1.2879480e-01  -1.7151829e-01  -1.9140554e-01   1.7974519e-01  -8.5903369e-02
   9.4957854e-02  -9.4882391e-02   1.1067441e-01  -2.9042837e-01  -6.1875635e-01  -2.0912339e-01   3.2710044e-01  -4.3486995e-02   1.1742364e-01
   6.9199657e-01   7.1260690e-01   1.3870102e+00  -7.8157638e-01   2.7747302e-01   1.3021694e+00  -4.9789476e-01  -2.7239308e-01  -2.3067449e-01
   1.0874504e+00  -2.8331310e-01  -2.6313167e-01  -2.0970889e-01  -6.8164108e-04  -4.7930225e-01   2.5402305e-01   2.0883653e-01  -3.5844731e-01
  -9.2676507e-01   1.0274564e-01  -2.5606003e-01   2.8595578e-01  -1.7158410e-01   4.4355019e-01   5.7006860e-01   5.0811945e-01   3.0149020e-01
   1.9393187e-01   2.8206674e-01   1.7255508e-02   1.2449620e-01  -7.8521508e-02   1.8089852e-02  -5.9723788e-02  -6.0378567e-02  -3.3798413e-02
   2.3623984e-01   1.9052414e-01   8.3249927e-02   1.3116062e-01  -1.4959007e-01   3.8556258e-02  -2.0453303e-01  -1.1629959e-01  -4.4637907e-02
   1.3377940e+00   1.3692503e+00   2.4651930e-01  -2.4222343e-01  -1.7182120e+00   4.6956025e-02   7.7264303e-01  -3.6275372e-01  -1.7219973e-01
  -2.7491296e-02   2.2616397e-02   6.7377933e-02  -1.7998911e-02  -1.5611694e-01  -1.2916542e-01   3.5825399e-02   1.7710355e-03   5.6720788e-03
   1.4995298e-02   2.9487505e-01   1.5448373e-01   4.7098335e-01   1.7437676e-01  -1.3616098e-01   2.6327214e-02  -8.1941536e-02  -2.0841555e-01
  -5.2964449e-01   5.0591917e-01  -1.6090988e-01  -7.1731549e-02   2.5511283e-01   2.5980196e-01   1.6535840e-01   4.8275279e-01  -1.4432136e-01
   8.3128322e-02  -3.8410418e-03   2.6635154e-02   2.2333354e-02  -1.1863654e-01  -4.6291062e-02  -1.0045741e-01  -6.2811932e-02   2.4884523e-02
   4.7175506e-02  -1.3915871e-01  -1.6482847e-01   2.9459460e-01   1.5951171e-01   1.6829124e-01  -2.6586987e-01   8.2848795e-02   3.7725790e-02
   4.8002283e-02  -2.2116856e-02  -4.4996711e-02   6.6046556e-02  -1.6566167e-03  -5.3801746e-02   1.5246030e-01  -8.6938793e-02   1.2524334e-02
   1.0966508e-01   4.2373061e-03   2.6499935e-01  -1.1141259e-01   1.3336200e-01  -1.5168192e-01  -1.6049976e-01   1.8995352e-01  -5.5381376e-02
   3.1278790e-02   3.0075796e-01  -1.5437746e-02   1.3458867e-01  -8.1716747e-02  -2.9491276e-01  -3.7656741e-02   1.7458024e-01   7.7605753e-02
  -5.2497322e-01  -1.1988557e-02   2.3046053e-01  -2.5017679e-01   3.1683874e-01   1.3739814e-01   2.1747146e-01  -1.8304127e-01  -1.3530796e-02
  -3.8931580e-01  -2.1767518e-02  -5.0572578e-02  -8.4636759e-02  -2.0089854e-01  -6.0284087e-02  -3.2651667e-02  -4.5081350e-02   8.3142547e-02
   2.8807705e-01  -1.7820839e-01  -2.6774962e-01  -1.1327443e+00   7.2202761e-01  -5.1917675e-02  -1.5519522e-01  -1.7825801e-01   1.6251811e-01
  -2.4878899e-01   1.6118993e-01   2.3170370e-01  -3.0560926e-01  -5.0473620e-01   4.6179201e-02  -5.0190258e-01   2.0163292e-01  -2.8306552e-01
  -3.0441157e-02  -2.8746423e-01  -2.2812597e-02   2.0213660e-02  -2.5297429e-03   4.4462802e-02   9.7492605e-02  -8.3891175e-02  -1.6417592e-02
  -2.4334824e-01   1.5718509e+00  -7.5443101e-01  -3.4408654e-01  -2.7664761e-02   8.1851985e-01   8.4903951e-01  -5.9030630e-01  -8.3922004e-01
