  -2.0180557e-01  -5.9941112e-02  -1.5028340e-01   2.0185472e-01  -7.1157160e-02   2.7237397e-01   2.5386574e-01  -1.4604904e-01   7.3553188e-02  -4.3812150e-02   2.2051343e-01  -7.1630790e-02   2.0549460e-02  -3.8625113e-02   2.5175181e-01   2.1313997e-02   2.4458420e-02  -2.0793108e-01   1.3416110e-02   1.1482601e-02  -3.1570136e-01  -1.4238922e-03   4.2714476e-01   1.9310737e-01   8.7105257e-02   5.6362031e-01  -6.3466980e-02  -1.1487642e-01  -1.3375186e-02   3.1362713e-01  -5.0957998e-03   8.5896598e-02  -9.2669120e-02
  -1.3106637e-01  -3.1859245e-01   7.1961878e-02  -1.8714266e-01   1.3934016e-01  -3.7485845e-01   7.3733200e-02  -1.6499561e-02  -1.2033244e-01   1.2317306e-01  -3.6846050e-02   1.2500636e-01   8.3592339e-02   7.4780280e-02  -1.1982953e-01   1.1794556e-01   1.2139525e-01   4.8547695e-02   1.8995886e-01  -7.1204402e-02  -5.3278221e-02  -8.8363798e-03  -1.8211685e-02  -9.7652827e-02  -2.9805744e-01  -9.0094036e-02  -2.7112889e-02  -3.5802081e-01   2.7856441e-01  -3.1992996e-01   4.0657256e-01   8.6207925e-02   3.5711664e-01
  -1.6560630e-01   7.2068161e-02   4.5628603e-03   2.4960937e-02   1.2488730e-01  -3.2379305e-02   2.1717902e-01   9.3294560e-02   4.5572951e-02   1.6100636e-01  -1.0572683e-01   1.3041779e-01   1.4063002e-01   1.9357111e-02   1.2322586e-01  -1.5654956e-01   6.3991463e-02  -5.0884094e-02  -1.4303952e-01  -1.9353134e-02  -1.0217640e-01   1.7849601e-02   2.4545633e-02  -5.5272311e-02  -5.0069628e-02  -3.2206652e-02   1.0660994e-01   2.3065537e-02   6.6082019e-02   4.7388660e-02  -1.1725530e-01   3.3977545e-03   3.2341682e-02
   9.5794260e-02  -2.5118902e-01  -1.9804714e-01  -2.0510933e-01   1.6361744e-01  -1.8923831e-01   3.3789075e-02   7.4686782e-02  -1.4859821e-01   1.2091127e-01  -1.2018833e-01   2.6113487e-01  -1.9838662e-02   6.3521387e-02   1.9108688e-02   2.2431835e-02   8.8453165e-02   2.1054198e-01   3.1365520e-02  -5.9367107e-02   1.2749813e-01  -1.1416045e-01  -1.5030584e-01  -3.3570900e-01  -4.0713272e-01  -6.9250869e-02   5.5025926e-02  -3.5609023e-02   8.0814666e-02  -4.7297471e-01   3.5002587e-01  -4.9046924e-02   2.9458875e-01
   2.3621558e-02  -2.8292870e-03   5.8221264e-03   8.0022662e-03   6.0913394e-03   7.0264304e-03  -1.2202672e-02  -1.2216805e-02  -7.5780611e-03  -8.5500802e-03   1.3002405e-02  -1.0669015e-02  -1.1737373e-02  -1.1747524e-02  -2.2249830e-02  -1.0172024e-02  -5.7975745e-03  -9.5643793e-04   9.0547629e-03   1.2229292e-02   1.8084989e-02  -1.0041672e-02   7.7041931e-03   1.6178993e-02   8.2709652e-03  -6.0593893e-03  -2.6771788e-02   5.7206361e-03   1.0907123e-03  -6.1774911e-04   5.5513355e-03  -4.4785429e-03  -1.6844840e-02
   3.7928810e-01  -9.2729787e-02   3.6809194e-01   4.8620125e-01   1.2205264e-01   3.0405575e-01  -1.3934856e-01  -1.2848477e-01   9.5537379e-02  -1.7118544e-01   3.0074571e-01  -5.4143078e-01   1.1422674e-02  -3.3561993e-01  -5.6427024e-02   2.3410009e-01  -2.0840439e-01   1.4387320e-01   4.1484617e-02   3.7615534e-01   3.1502568e-01  -1.6346547e-01  -2.0252010e-01   6.2412907e-01   2.5296414e-01   1.1656436e-01  -1.3289117e-01   8.6602174e-01   1.9707709e-01  -8.6451908e-03   2.4206811e-01  -1.0805173e-01  -9.0466230e-02
  -4.9622507e-02   2.5758945e-02  -1.9758615e-02   1.3828151e-01  -2.4598095e-02   1.0042618e-02   5.1895335e-02   7.7336617e-02   1.7012551e-02   6.4741878e-02  -6.4878837e-02  -6.3968947e-02   9.8379330e-02  -6.8456512e-02  -5.3844823e-02  -1.1803619e-01  -1.5557620e-02   4.7266186e-02  -1.0711019e-01   4.0578838e-02  -1.3891780e-02  -5.4432072e-02   1.6930154e-02  -4.3129936e-02  -2.4853555e-02   9.9198032e-02   4.5861007e-02   1.4039058e-02   1.8839148e-02   6.4953648e-02  -1.3542760e-01   1.9599860e-02   1.3050194e-01
  -1.5665301e-02   1.1307792e-01  -4.1817369e-01   1.3915142e-01  -3.8185695e-01   5.6485464e-02  -1.9410914e-01  -9.9373704e-02   1.3557336e-01  -8.7325809e-02   4.9777529e-02  -6.9917445e-02   1.4999238e-01  -2.0270362e-01   4.2828405e-01   1.7631404e-01   3.6233366e-04  -1.8014345e-01  -1.4963484e-01  -1.2949792e-01   1.5963696e-03  -4.9309067e-01   2.7641745e-01   2.4342700e-01   2.3402473e-01   4.3156900e-01   1.9935213e-01   3.5813435e-01   1.0642128e-01   4.1751300e-01   2.4972663e-02  -6.3075146e-02  -4.2408973e-02
  -3.2002760e-02   1.1294687e-01  -1.3042611e-01   1.7487629e-01   4.2855590e-02   7.5366047e-02   3.2941542e-01   7.0220601e-02   4.4895696e-02   1.0243492e-01  -8.5106436e-02   3.0316964e-01  -4.3082997e-03   1.1915762e-02   9.1577586e-02  -1.1290158e-01   3.3223447e-03  -1.0110096e-01  -1.2249162e-01   7.3406236e-02   3.4759075e-02   3.4700838e-02  -1.5723864e-02  -1.6767904e-01  -1.6868294e-01   1.9206920e-01   3.0997799e-02  -8.6171319e-02  -2.9848500e-02  -2.3150226e-01   1.7008027e-01  -5.5976139e-02   2.5831791e-01
  -3.2328130e-02   4.3892236e-02   7.9975507e-02  -2.1127221e-01   2.7387875e-03  -1.2942824e-01  -3.9532182e-04   4.6901331e-02   1.2245298e-02   8.7221527e-02  -5.0798833e-02   1.6716032e-01   4.7370651e-02   2.7411579e-02   2.4969756e-01  -6.4174859e-02   5.7916895e-03   2.4431837e-02  -1.0260270e-01  -2.0445014e-02   4.2648332e-02  -4.9667514e-02  -1.0972852e-01  -1.2269829e-01  -6.8964700e-02  -7.5665890e-02   5.1884923e-02   1.5575215e-01   7.0179679e-02  -1.2332049e-01   1.3753945e-01  -6.1605683e-02   4.1343506e-02
  -1.8984746e-02   3.4439276e-02   4.6716113e-02   2.0439955e-01  -1.6260175e-02  -6.3321178e-02   1.1813303e-01   7.0206175e-02   1.7641779e-02   5.0042735e-02  -3.7644996e-02   2.8954773e-03   6.9009213e-02  -5.1595928e-02  -4.6111474e-02  -5.2490137e-02  -3.1440398e-02   1.6444474e-01  -7.7866455e-02  -4.6355980e-02   4.1695034e-02  -1.5704198e-02  -2.6758962e-02  -2.4974294e-02  -8.1049121e-03   1.2752238e-01   6.4473644e-02  -1.2158321e-01   1.8235496e-03   2.1042904e-02   7.0175009e-03  -6.6084487e-03   3.2713065e-02
  -3.4862358e-01  -1.6821958e-01   2.3419855e-01   3.3831970e-01   2.7101510e-01  -2.5651724e-01   1.8359870e-01   1.5813426e-01  -5.5899672e-02   1.6295392e-01  -1.3908823e-01  -3.4257035e-01  -5.3670080e-02   1.6001596e-01  -3.2406883e-01  -6.9098047e-02  -2.4985648e-02   6.0110351e-02   2.2444924e-01   1.8477179e-01  -2.2440745e-01   6.5931238e-01  -1.1352351e-01  -2.0638074e-01  -3.4010896e-01  -9.3110840e-02   8.0777361e-03  -7.2672746e-01   1.3981041e-01  -1.3643791e-01   1.9852557e-01   2.1527330e-01   5.7995706e-01
   3.0458867e-01   3.9065109e-01  -3.7760778e-01   7.6943407e-02  -8.7109890e-01   7.5976009e-01   8.3243343e-01  -1.4705601e-01   2.8614012e-01   1.1481777e-02   4.1971841e-01   7.4113769e-01  -2.9320902e-01  -3.6426532e-01   7.1991570e-03  -1.8213407e-01   6.4280686e-02   4.7024945e-01  -2.3347079e-01  -3.1320531e-01  -1.4258128e-01  -5.0979572e-01   2.9627468e-01  -6.6429360e-02   7.7400060e-03   7.5694642e-01  -2.1190573e-01   1.6678992e-01  -3.1420838e-01   5.3044652e-01  -5.1955357e-01  -1.7034829e-01  -6.9645914e-01
  -3.0099910e-02  -1.8627617e-01  -2.7049128e-02   4.5638081e-01  -1.4839594e-01  -3.9976355e-01   7.2588010e-02  -7.6403013e-02  -5.7211245e-02  -1.1694740e-01   6.0565160e-02  -5.8242803e-04  -5.7404780e-02   2.1238552e-01  -4.8980382e-02   2.1818419e-01  -1.5637612e-01  -1.2365815e-01  -1.5793769e-02   1.7511992e-01  -4.4481860e-02  -3.7836357e-02  -5.5856645e-02   1.5306152e-01  -3.8069674e-01  -3.0978832e-01   4.7824615e-02  -2.6179645e-01  -4.5223937e-03   4.2139093e-02   3.4885786e-01  -1.7140079e-02   9.0615665e-02
   4.4370310e-01  -9.3239411e-02   3.6974620e-01   4.8876313e-02   1.9373653e-01  -1.0932675e-01   2.6154724e-01  -1.4301192e-01  -1.8625013e-01  -1.4061230e-01   1.1665287e-02  -6.5378913e-02  -2.7013663e-01  -4.3338001e-03  -5.9346492e-01   1.4803862e-01  -6.7808572e-03   2.3093193e-02   1.7650322e-01   1.8228086e-01   3.0350078e-01   1.3103590e-01  -1.0909761e-01  -1.8617175e-01  -2.9704819e-01  -2.8606265e-01  -1.2880635e-01   2.0697189e-01  -1.7960768e-01  -7.4976334e-01   7.4160161e-01  -1.4458861e-01   4.6375590e-03
   2.0862165e-03  -1.7452909e-01  -2.6886266e-01  -6.8543784e-02   6.6756576e-02   3.9662673e-01  -3.2739728e-02  -2.7172189e-02  -9.1918173e-02  -1.3336089e-01   1.3014937e-01  -1.9632990e-01  -4.3158455e-03  -1.2024901e-01  -2.7123846e-02   1.2687733e-01   1.7839945e-01  -1.4432435e-01   1.5311764e-01  -2.2456989e-01  -9.0853533e-02  -2.8255924e-02   4.2447174e-02   1.9127988e-03  -2.4858180e-01  -6.6577158e-03  -9.5847705e-02   1.7212262e-03  -5.9909318e-02   2.2703415e-02   8.3726511e-02   8.4319379e-02   5.4479806e-02
