   1.4902215e-02   2.1265044e-01  -3.4117562e-01   2.1061158e-01  -3.1822140e-01   3.9693406e-03  -1.6808914e-01  -2.6423459e-02  -1.4188709e-01  -9.1788224e-02  -2.0471371e-01  -2.3771464e-01   1.1608846e-02   1.6804916e-02  -1.0582418e-01   2.1190256e-01  -8.1233279e-02   1.1292003e-02  -2.5459489e-02   4.3594067e-02  -4.1056589e-02  -1.7076698e-01   2.1250665e-01  -8.6364535e-02   1.4583953e-01   5.9874639e-02  -2.5003372e-03
   3.2213114e-01   1.3705700e-01   8.2998439e-02   4.8395807e-02   1.6212018e-01   1.3027573e-01  -2.1251752e-01   1.1122330e-01   3.3745190e-01   1.1226897e-02   1.9151180e-01   2.1154461e-01   7.0205369e-02  -6.6632072e-02   2.0223044e-01   1.5186905e-01   5.6519824e-02   1.3416471e-01  -5.4069060e-02   6.1607019e-02   1.6657382e-01   6.5728715e-02  -2.2149229e-01   2.9429635e-01  -2.6754169e-01  -1.0799288e-01   4.6705731e-01
   1.1895557e-01   6.0225630e-02  -6.9643638e-02   3.6412509e-01   1.5121057e-01   1.3535264e-01  -1.4924666e-01  -3.6053498e-02   3.7371931e-02   1.0532279e-01   5.1115012e-02   8.9349769e-02  -1.3312335e-01   1.2863391e-01   1.3204544e-01  -1.3324762e-01   1.0524158e-01  -1.7889308e-01  -4.7659925e-02   1.2248934e-01   1.8551839e-01   5.1311371e-02   8.9412185e-02  -8.0682027e-01  -1.5959549e-01  -1.1351986e-01  -7.6992765e-02
   8.6829468e-03  -1.4949213e-02   1.8730015e-02   1.1968719e-02   5.5689659e-02   2.2097297e-02  -4.6841544e-02  -6.8302361e-03   8.6524670e-02  -5.3035404e-02  -1.0099663e-02   3.4479294e-02   1.0327019e-01  -1.1118250e-01  -8.9502049e-02  -8.0089918e-02   2.9456910e-02   3.2359368e-02   1.0325488e-02  -2.1616777e-02  -1.8456056e-03  -8.9516649e-02  -1.4279551e-01   1.2109396e-01  -7.1042597e-03  -4.6665421e-03   8.7706814e-02
  -1.3148399e-01   6.9343504e-02  -1.2624518e-01   6.8438668e-02  -1.7006733e-01  -6.4028609e-02  -6.9958606e-02  -7.0347987e-02  -6.6316966e-02  -3.5314647e-02  -1.1587577e-01  -1.3899821e-01   2.5652621e-02  -4.3377616e-02  -6.5209380e-02   5.9390782e-02  -4.0471015e-02   7.8150852e-02   4.2963695e-02  -3.5158847e-02  -3.5761399e-02  -1.6145949e-01   7.4001111e-02  -3.7524498e-02  -3.2330419e-02   5.0476768e-02   9.1316102e-04
   2.7034734e-01  -8.3810163e-02   6.9759863e-02   1.4413085e-02   7.2749801e-02  -1.0285144e-03   1.0172108e-01   1.3104004e-02  -2.0260497e-02   2.3663388e-01   5.3052443e-02   1.4325012e-02  -1.1560593e-01   5.7584995e-02   6.5022158e-02   1.7800395e-01   2.8433741e-02  -1.1751220e-01   1.8208911e-03   3.4403723e-02   1.2342686e-01   6.5394543e-02   6.4599705e-04  -6.3056911e-02   2.9525569e-02  -4.2935211e-02   1.6837596e-02
  -1.7708569e-02  -2.6326759e-02   1.1543844e-02  -2.4040817e-02  -6.8064453e-02   3.5339636e-03  -4.0370068e-02   3.4359239e-02   1.0490685e-02   2.2309135e-02  -4.2634201e-02   3.9938897e-02   9.6344135e-04  -7.5660420e-02   4.7915063e-02  -3.0724915e-02   2.2464077e-02   3.3226840e-02  -1.0924819e-02   5.3865266e-03  -6.6700608e-02   5.3834941e-02   6.5215541e-03  -1.7734211e-01  -7.0207836e-02   7.3596043e-02   3.5953836e-03
  -1.0712534e-02  -1.7342209e-02   1.7815103e-02   1.4155997e-02   1.9564477e-02   4.3006142e-03  -2.7416602e-03   1.6090900e-02   8.0013555e-04   2.3567956e-03   9.5088094e-03   1.3796135e-02  -9.3240799e-03  -4.8191639e-03   1.0230283e-02  -2.7703843e-02   9.1292783e-03   1.2955092e-04   6.0880425e-03   2.4116941e-03  -4.6800314e-04  -1.2122791e-02  -6.5190552e-03   1.2541624e-02  -1.2967462e-02  -5.0109186e-03  -1.7856676e-02
   5.7730217e-03  -4.2721774e-02   5.3772296e-02   8.3708112e-02   9.7652419e-03  -1.3480727e-03  -7.4569391e-03  -1.0535976e-01   7.2290803e-02   2.7879911e-02  -9.4832983e-04  -8.4311858e-02   9.5720464e-03  -2.5299184e-02  -1.1524649e-01  -4.9120699e-02   5.9607060e-02  -2.2271299e-02   3.1993051e-02   7.4684185e-03   9.1358579e-03  -8.3123754e-02  -7.4137928e-02  -1.2277330e-01  -1.4418128e-02   9.9417582e-03  -6.6536800e-02
   2.5941264e-02   4.5598760e-04   3.8383499e-02  -1.6807423e-02   3.7596882e-02   1.1711561e-02   2.8585109e-02   2.2872752e-03   4.7683607e-03  -7.1673702e-03   2.6527390e-02   2.7324581e-02  -2.3202052e-03   1.3877835e-02   1.0728426e-02  -1.0749947e-02   3.6056888e-03  -1.8476652e-02  -1.1423643e-02   8.4211522e-03   2.9617931e-03   4.8760233e-02  -2.1723152e-02   1.0839067e-02   3.1291322e-02  -9.6523716e-03   3.6439646e-03
   2.6789599e-02  -1.9946661e-02   6.2303945e-02  -5.4948345e-03   6.5368783e-02   2.0798642e-02   3.3147161e-02   2.5702823e-02   9.8278382e-03  -1.6988008e-03   4.6791559e-02   5.2671535e-02  -1.1638899e-02   1.3776882e-02   3.0757961e-02  -3.8910584e-02   1.3781298e-02  -2.5731578e-02  -1.1500646e-02   1.7065807e-02  -1.3762090e-03   5.6583281e-02  -2.6652386e-02   1.5410619e-02   2.4973048e-02  -1.6748272e-02  -2.4790316e-02
  -1.3303563e-01   2.9404395e-02  -2.3855726e-02  -1.5407829e-02  -5.5743570e-02   3.3517334e-02  -9.7097078e-02  -4.1038514e-02   3.7970670e-02  -1.6723856e-01  -4.5879239e-02   2.2594803e-02   1.3308346e-02  -8.4662252e-02  -8.9057044e-02  -1.1922815e-01  -2.6867408e-02   1.1147770e-01  -4.4044953e-02  -1.0863337e-02  -9.9808036e-02  -5.0798336e-02  -1.0007191e-02   3.6333651e-02  -1.6276102e-05   4.4825315e-02  -1.0924863e-01
   2.0812757e-01  -1.0994605e-01   4.3844078e-02   5.2260751e-01   3.3500457e-01   6.2825932e-02  -7.3673803e-02  -1.6505636e-01  -3.0406773e-02   2.5105607e-01   2.7175847e-01   1.2823053e-01   3.1824389e-01   1.2014668e-01  -6.9465138e-02   1.8032806e-01  -1.0372994e-01  -1.9462823e-01   8.0922203e-03   3.5999939e-02   1.7803425e-01  -2.1956789e-01   1.0889098e-01  -4.7378859e-02   8.0358242e-02  -4.2013599e-01   3.3034446e-01
   7.4355217e-02   1.4685598e-01  -1.9527577e-01   3.6173641e-01   1.0828802e-01   3.4558770e-03  -1.2143311e-01  -9.8673488e-02  -2.9780041e-01  -3.3367210e-01   8.3034118e-02   2.3728310e-01   2.0824092e-01  -4.0051875e-02   5.2066658e-02   1.8383616e-01   1.3500227e-02   8.2472619e-02  -1.6531336e-01   3.4911835e-02   9.6723442e-02  -4.6919464e-01   5.6951663e-02   1.6528533e-01   5.3651369e-01  -1.3353059e-01   4.1337720e-01
   1.5732819e-02  -1.4033491e-02   4.5205632e-02  -1.3553950e-02   4.3030246e-02   1.0023262e-02   2.6193726e-02   1.0153987e-02   7.7854766e-03  -5.4729207e-03   2.7472712e-02   3.0921625e-02  -8.4433673e-03   1.0335509e-02   1.2487781e-02  -2.5172501e-02   9.2038472e-03  -1.4988089e-02  -4.5650006e-03   7.5457902e-03  -2.0396109e-03   3.7759386e-02  -2.3181545e-02   1.3604985e-02   2.0366340e-02  -9.5952914e-03  -8.7255145e-03
  -1.2881196e-01   2.3854765e-02   5.5994664e-02  -1.2350188e+00   1.2621615e-02  -4.6819289e-01   5.4079385e-01   6.7975014e-01  -4.6666497e-01   3.9207572e-01   9.9426250e-02   3.4980127e-01  -3.2673992e-01   1.4576356e-01   2.7443255e-01   3.8891795e-02   1.2009646e-01  -4.2738419e-01   9.0916515e-02  -3.8370078e-01   2.8626608e-01   2.5752325e-01   1.9440926e-01   1.0688581e-01  -2.0246300e-01   1.0862869e-01  -6.1465896e-01
  -8.0475191e-03   9.6002516e-03  -2.7080451e-02  -2.6197576e-03  -2.7607217e-02  -9.5314332e-03  -1.2077420e-02  -1.2710090e-02  -6.6497245e-03   1.8812209e-03  -1.9830407e-02  -2.1846694e-02   5.9303665e-03  -4.4023593e-03  -1.3771134e-02   2.0871527e-02  -7.3142074e-03   9.7543939e-03   3.4353022e-03  -8.2464501e-03   6.5410774e-04  -1.9030563e-02   1.0916594e-02  -6.8159893e-03  -6.5079268e-03   7.4433872e-03   1.6874664e-02
   2.9521306e-01   1.7050386e-01   1.0292737e-02   1.1977556e-01  -1.1615129e-01   5.9561812e-02  -6.7034966e-02   1.8990910e-02   5.5243484e-02   1.7384839e-01  -5.3172592e-02  -5.9680120e-02   6.1432302e-02  -5.2938524e-02   1.2968822e-01   1.2484092e-01  -6.4156996e-02  -7.6561087e-03   8.3901669e-02   6.1542998e-02  -9.7579300e-03   2.1953815e-02  -2.2449000e-02  -5.8944414e-02  -1.1332646e-02   8.0055605e-03   4.4685830e-01
  -1.5068610e-01   1.7601186e-01  -2.2458183e-01   1.1704838e-01  -2.4968178e-01  -2.1343376e-02  -6.7142041e-02  -2.1099115e-01  -8.3333570e-03  -9.5994702e-02  -1.5663167e-01  -1.7442767e-01   2.0752439e-01  -3.5307891e-02  -1.6502240e-01   8.5013697e-02  -6.4231127e-02   6.8098650e-02   1.8244144e-02  -1.4594539e-03  -2.8530546e-02  -2.8053615e-01   1.4728344e-01  -8.5212827e-02   6.3830036e-02   4.8332394e-02   5.7787975e-02
  -7.3666111e-03   2.2038358e-02  -3.9890753e-02   2.2216031e-03  -3.7375292e-02  -8.9878220e-03  -1.3457410e-02  -1.7575216e-02  -3.0668097e-03  -4.1520849e-03  -2.4613829e-02  -3.0754185e-02   1.0003984e-02  -3.0409531e-03  -1.3712295e-02   3.1520657e-02  -1.2290994e-02   6.3105878e-03   3.2398024e-03  -5.4368277e-03   2.9252406e-03  -2.4494517e-02   1.7719254e-02  -3.5737584e-03   7.2984691e-04   8.0615598e-03   1.9955077e-02
   2.3802782e-02   1.2229437e-02  -5.0559482e-02  -1.6074419e-02  -5.6402731e-02   1.0199832e-02  -3.0236496e-02  -1.7426442e-02  -2.2188201e-02   1.4325418e-03  -1.6899048e-02   2.7467193e-04   1.8153866e-03  -1.5098784e-02   2.1985677e-02   3.7772035e-02  -3.3343639e-02   1.4422498e-02  -2.0589793e-02   1.0827044e-02  -1.2984935e-02   2.6562960e-02   5.4543498e-02  -3.2193913e-02   2.7371272e-04   1.0563186e-02   3.8706937e-02
   5.7788571e-02   5.3998458e-01   3.2599135e-02  -3.5368340e-01   2.9745798e-02  -1.6571403e-01   2.9835138e-01  -3.6556837e-01  -2.3761248e-02   2.4456199e-01  -7.7978249e-02  -1.4533517e-01   3.3416773e-01  -9.8690648e-03  -2.6245349e-01   3.7494043e-01  -1.1027169e-01  -2.7952865e-01   8.2419840e-02  -1.6392971e-01  -1.2898747e-01   4.6370446e-01   5.6416874e-02  -1.7709390e-01  -1.6542644e-01   1.5926598e-01  -5.9274664e-02
  -3.6396958e-02   8.7431292e-02  -1.3004597e-01  -1.1379018e-02  -1.5385348e-01  -4.7485469e-03  -2.5526425e-02  -1.7571313e-01   9.9339506e-02  -6.3194458e-02  -1.0307115e-01  -1.5030715e-01   1.6127644e-01  -2.6324245e-03  -1.3112377e-01   8.8286392e-02  -4.3564449e-02   4.8057947e-02  -8.9327010e-03  -5.5335659e-03  -1.0324848e-02  -1.4756461e-01   4.3311690e-02  -9.2876867e-02   3.7161704e-02   3.9949449e-02   9.5430895e-03
