   8.1949294e-02  -3.3853863e-02   1.1463295e-02  -1.5564161e-01   3.3585692e-02   3.5626354e-02   1.5277991e-02   1.0748835e-01   2.2398064e-02  -6.3015476e-02  -1.3499374e-03  -1.3886302e-01   7.4711610e-03   3.5346514e-02   1.5769832e-02   6.9826240e-02  -5.9025360e-02  -3.4017131e-02   9.2899964e-02  -1.2073289e-01   1.0061733e-01   2.7237651e-01   7.2015948e-03   4.2382229e-02  -8.1267514e-02  -3.2090609e-02   2.1828060e-02   1.6028001e-02   2.3473571e-03   6.5930970e-02  -1.0799416e-01  -3.8267089e-02  -1.0857263e-02   9.6927237e-02  -7.8174973e-02
   3.3177522e-02   1.7447483e-01  -1.0367373e-01   1.5350247e-01   2.1815594e-01   1.3484052e-01  -2.0848887e-01  -2.5089108e-01  -1.8071216e-03  -8.9673960e-03   8.4588558e-02  -1.0490834e+00  -7.2621284e-02   6.3729489e-01   2.3145700e-01  -1.4523790e-01   9.6810699e-02   3.3305444e-01  -1.9961912e-01   2.3891661e-01   3.4015908e-02  -4.2017833e-01   2.1891966e-01  -1.6403694e-01   2.8208038e-01   7.0622507e-02   2.0032709e-01  -8.2590254e-02   1.3456399e-01   1.3595279e-01   2.0867758e-01   5.0792143e-02  -4.9976616e-01  -2.4556386e-01  -1.5857404e-03
  -1.1746454e-01  -7.3806342e-02   2.5745823e-01  -6.5050258e-02   1.1833178e-01   1.2036965e-01  -9.4605931e-02  -8.4797874e-02  -3.3511319e-01  -1.3766482e-01   2.3873252e-01  -4.2870182e-01  -1.1086497e-01   3.0099072e-01  -1.6907022e-01  -7.2932195e-02   3.2557382e-02   4.3034673e-02  -3.1116486e-01   1.0626219e-01  -3.5764790e-02  -5.4165492e-02   9.8217235e-02  -1.8444779e-01   5.7271650e-02   1.4084309e-01   1.2434796e-02  -2.6476457e-01  -5.8450216e-01   1.1377306e-01   8.0370280e-02   2.8383548e-01  -2.8612894e-01  -6.2257006e-03  -8.1639366e-02
   7.2853104e-02   6.8251916e-02  -1.2801819e-01   4.8727740e-02  -1.2909812e-02  -2.7992649e-02  -1.8724273e-02   5.2713696e-02  -2.1428232e-01   7.4445320e-02   6.1666364e-03  -3.8790250e-01   8.8854741e-02   3.7296854e-01   1.8836817e-02   4.2112008e-02  -1.3447139e-01   6.0081262e-02  -3.1264328e-01   5.4693798e-02   4.7900533e-01   3.3001728e-01  -7.1608004e-02   1.0207962e-01  -7.3969512e-02  -8.9841801e-02  -2.0581605e-02   5.1404052e-01   2.0707459e-01  -1.0259062e+00   5.8110721e-02  -6.2020836e-02   3.8595645e-01   1.2537601e-02   1.0069113e-01
   2.7275915e-01   3.6978929e-01   9.3038419e-03   8.3039710e-01   2.0263898e-01   2.9939947e-01  -2.7170582e-01  -1.9568519e-01   6.4380301e-01  -7.0131965e-02   1.9530341e-01   4.5665697e-01  -5.1555149e-02   2.6103635e-01   3.8902452e-01  -1.8799147e-01   2.7059274e-01  -1.7531437e-01  -9.1845146e-01   3.2512557e-01  -2.9199289e-01  -3.5297540e-01   2.0900802e-01  -3.4167102e-01   2.0997575e-01   2.2395576e-01   3.5977029e-01  -2.6603977e-01  -1.1129093e-01   1.2489063e-01   2.8323270e-01   9.2483049e-02  -2.8283495e-01  -1.5088665e-01  -9.2689868e-02
  -4.1508981e-01  -2.3206309e-02   1.2995543e-01   2.1530441e-01  -2.0128502e-03  -6.8741255e-02   1.3842008e-02  -8.0283472e-02   5.0231394e-01   5.1012132e-03  -1.1059007e-01   5.4789203e-01   3.2506856e-02   8.5095707e-02  -1.0031544e-02  -3.9708850e-02  -1.2176849e-01  -4.8439296e-02  -1.7781933e-01  -2.0803299e-02   9.1684084e-02  -1.3669797e-01   1.5872177e-01  -1.3136076e-01   1.0273992e-01   4.0369618e-02   3.1572346e-02  -3.5608272e-01  -1.0657470e-01  -2.2480990e-02  -1.0494480e-01   1.6713554e-02   3.4068446e-02  -1.1939184e-01  -1.4861214e-01
   3.3157620e-01  -2.0672450e-01  -1.3552317e-05   5.5727991e-01   3.5671442e-01   2.6360249e-01  -3.2930716e-01  -3.1873522e-01   1.7114155e-01  -2.9614934e-01   3.4345604e-01   7.4266606e-01  -2.9891678e-01  -3.2121539e-01  -9.0801428e-02  -3.4273461e-01   6.8524451e-01  -9.0242008e-01   8.0955193e-02   4.5579983e-01  -3.7319212e-01  -5.7225688e-01   3.8254868e-01  -3.6699519e-01   3.6140284e-01   1.6743074e-01   3.9295369e-01   3.8113493e-03  -1.6007784e-01   5.8826507e-01   3.0850569e-01   3.1106594e-01  -2.0882500e-01  -2.9174951e-01  -2.8536814e-01
   1.2000164e-02  -1.6686800e-02   3.9013805e-02  -5.8994340e-02   3.5779756e-02   2.9964794e-02   7.2681104e-03   8.4093713e-02  -8.6201776e-03  -3.3837206e-02  -1.4546175e-02  -5.8712123e-02   2.6414205e-02   1.1954405e-02   1.6403755e-02   7.4099443e-02  -6.0150039e-02   9.0340503e-03   1.9205721e-02  -9.6604744e-02   5.3337076e-02   5.3677031e-02  -5.9709279e-03   3.7813519e-02  -5.8815665e-02  -3.2772251e-02   1.4574362e-02  -4.8049513e-02  -1.8380980e-02  -4.8305667e-02  -1.2082379e-01  -3.6681508e-02   3.0537455e-02   5.9596643e-02  -6.7178619e-02
   9.7652949e-02  -1.1208705e-01  -8.3697763e-02   1.4526423e-01  -8.6745399e-02  -9.6533929e-02   4.5109744e-02  -1.3393365e-01  -1.4009968e-01   8.5716117e-03   5.9202893e-02  -6.4499898e-02  -8.4411613e-02  -7.1317593e-02  -1.5809868e-01  -1.3615072e-01   1.0348016e-01  -1.9035081e-01   1.6301968e-01   8.1755970e-02  -7.4489645e-02  -1.1271168e-01  -1.8887830e-02   1.6249597e-02   6.5220385e-02   1.6507725e-02  -4.2047036e-02   2.9941013e-01  -8.0305393e-02   2.3440588e-02   2.0758542e-01   8.3808929e-02  -2.9622380e-01  -9.5899495e-02   1.1422115e-01
   4.5554711e-03  -1.3192581e-02   2.8009746e-02  -3.4618593e-02   2.1590906e-02   1.6815096e-02   9.0171631e-03   6.3013605e-02  -1.1382307e-02  -2.0274851e-02  -1.4130562e-02  -5.1383354e-02   2.2823642e-02   4.0777768e-03   8.1873256e-03   5.6228500e-02  -5.2334970e-02   3.4703628e-03   1.4651637e-02  -7.1424915e-02   3.4261039e-02   2.5501950e-02  -1.0822506e-02   3.2441484e-02  -4.6421554e-02  -2.7089872e-02   5.3984961e-03  -3.2443587e-02  -9.8252616e-03  -5.0450433e-02  -9.0064930e-02  -2.8350079e-02   4.0626041e-02   4.5925408e-02  -4.3802871e-02
  -4.1209955e-01   1.3966181e-01   2.8313400e-01   3.9347233e-02   7.7241585e-03  -2.9668686e-02   3.1936071e-02   7.7182906e-02  -1.5168590e-01   1.0499516e-01  -4.5981344e-02   4.4336781e-01   1.7984887e-01   3.8205509e-01  -8.5377453e-02   1.9545319e-01  -1.6153019e-01   3.6738175e-01   7.1189067e-02   4.5013003e-02  -1.1619298e-01   3.9407943e-01  -4.1496315e-02  -9.9372044e-02  -2.6918491e-02  -9.6537179e-02  -4.7668624e-02   2.3774899e-01  -8.1495619e-03  -1.4907266e-01  -1.6386077e-01  -4.0325678e-02   2.4578195e-01   4.8642392e-03  -1.0518162e-04
  -2.1038468e-02   1.7791355e-02  -4.0468101e-02   8.4138486e-02  -4.1724349e-02  -3.6484913e-02  -6.0876358e-03  -9.2468088e-02   1.3831686e-03   4.0840107e-02   1.1454726e-02   7.0927194e-02  -2.6612778e-02  -1.9429747e-02  -2.0437377e-02  -7.9356333e-02   6.3502392e-02  -1.3042411e-02  -3.4308456e-02   1.0511576e-01  -6.3218715e-02  -8.7859209e-02   2.7409878e-03  -3.8768756e-02   6.4593696e-02   3.4127655e-02  -2.0218610e-02   5.1707250e-02   2.1287120e-02   3.4716224e-02   1.2718505e-01   3.9231673e-02  -1.6551847e-02  -6.6434178e-02   7.5673530e-02
   5.1869872e-02  -2.6529159e-01   3.9860981e-02   2.0997256e-01  -4.0057298e-02  -3.7499292e-02   5.2350621e-02  -1.1727574e-02  -3.0910569e-01  -7.6514890e-02   4.6738265e-02  -3.7050615e-02  -1.9837533e-01   3.7277737e-02  -2.0145777e-01  -8.1705177e-02   2.6282207e-01  -1.3460176e-01  -1.5210130e-01  -6.9724974e-02  -8.7257512e-02  -8.2670278e-02   2.2666363e-02   7.9277427e-02   2.3466183e-02   4.0866816e-02  -2.8413316e-02  -4.5653041e-01  -2.8169323e-01   2.7843178e-01  -3.8118350e-02   5.2420613e-02  -2.2614966e-01  -7.8911089e-02   9.2471741e-03
   1.0640827e-03   2.6032687e-02   6.8112814e-02  -2.8715370e-02   9.1344655e-02   9.9268557e-02  -2.5990072e-02   1.6450748e-01   5.2072573e-02  -6.8687239e-02  -2.0848361e-02   3.3306910e-02   3.1229818e-02  -2.2249278e-02   1.1093843e-01   1.2510602e-01  -1.2263713e-01   9.3231328e-02  -1.3778372e-01  -1.5070122e-01   5.3074124e-02   9.8454903e-02   1.1794394e-02   3.8354635e-02  -9.7807169e-02  -2.1962820e-02   2.3817879e-02  -5.8200404e-02   3.0726140e-02   5.2886419e-02  -2.4035037e-01  -5.5537440e-02   1.7487370e-01   1.4926661e-01  -1.3322498e-01
