   2.1809618e-01   5.0800000e-01  -6.6200738e-01   1.3571399e+00   1.3077076e+00   8.4642924e-02   4.3855233e-01   1.9589518e-01   6.2016456e-02
   5.0499176e-01  -6.0982093e-02  -8.7061779e-01  -2.1127064e-01  -1.1052140e+00   1.3619519e+00   4.5388182e-01   8.7618346e-02  -1.8839045e-01
  -1.2200982e-01   5.4583238e-02   3.2691605e-01  -2.1021299e-02   2.7377638e-01   1.4532265e-01  -5.9974795e-02   2.3410324e-01   2.9115257e-02
   2.7650846e-01  -5.7834383e-02  -7.5079971e-01   3.1974662e-01  -6.5062986e-01   3.0378664e-01  -5.3511082e-01  -3.9509492e-01  -7.1738986e-02
  -9.1135916e-02  -1.7062736e-01  -2.2222317e-02  -3.7977969e-02  -1.8205339e-01   3.9588608e-02   4.4658350e-02  -1.9104687e-02  -4.0800176e-02
   9.9798554e-01  -6.5372447e-01   6.3697906e-02   1.2152964e-01  -2.5521418e-01   5.9920725e-02   2.8027319e-02   1.0992953e-01   1.6247562e-01
   2.7376569e-02  -2.5717892e-02  -2.0310833e-01  -3.5306058e-01   2.5550049e-01   1.0240535e-01   4.5948478e-02   8.1185214e-02  -9.2238517e-02
  -2.0110879e-01   3.1325858e-02   1.2994146e-01   3.4280437e-03   1.9413316e-01   1.7651390e-01   6.9855848e-02   7.2361005e-02   1.5598406e-01
   2.7522897e-02  -4.3967222e-02  -8.4531755e-02   2.8383100e-02  -1.1507604e-01  -1.4523455e-02   1.0801239e-01  -9.5738884e-02  -2.2675006e-02
  -1.1160960e-01   1.4931001e-01   3.4704435e-01   5.2069141e-01   1.4870804e-02   2.2482612e-01  -2.7089575e-02   2.9533980e-01  -2.6181724e-01
  -6.1090314e-02   1.5023130e-01  -3.1658318e-01   2.3244442e-01  -2.9908428e-01   1.1497733e-01   1.1120606e-01   1.6057198e-01   1.1553975e-01
   8.2578809e-03  -4.9977735e-02  -2.2188414e-01  -1.6848669e-02  -8.4636332e-02   1.2753907e-02   6.9673900e-02  -6.3257211e-03  -1.1158265e-01
   2.2304214e-02  -7.6750068e-02  -1.6481394e-01  -1.7939683e-01   9.4467946e-02   3.3773987e-02   8.2629778e-02   8.4737102e-02  -7.0394460e-02
  -1.1823521e-02   2.4544206e-03   2.0774701e-02   1.6626466e-02   3.2284645e-02   9.9266871e-03  -5.7383226e-02   1.2888743e-02   2.9678315e-02
  -1.0962550e-01   2.5048583e-01   8.8847209e-02   4.1156938e-02  -5.6263879e-02  -1.2485328e-02   1.6988955e-01  -2.0536230e-01   1.0877998e-01
  -1.0099205e-01   5.8630587e-02  -2.3985243e-02   1.0948285e-01  -6.2331972e-02   3.4918376e-02   1.3413177e-01  -7.8860266e-02   2.5654775e-02
   1.8932841e-01   4.0878573e-02  -9.3925982e-03   2.0277083e-01  -8.6685927e-03  -1.8757611e-01  -6.6498466e-02  -5.9375792e-02   4.7301045e-03
  -2.7948152e-02   1.1387795e-01   1.8471808e-01   1.5799325e-01  -1.0731935e-01   9.3252684e-02  -8.3824552e-02  -1.5056374e-03   5.9587344e-02
  -7.0247494e-01   2.6713449e-01  -5.3563021e-01  -7.8576162e-01  -5.5265135e-01   7.5380765e-01  -1.0622037e-01   6.7210179e-01   3.6598084e-02
   8.5519415e-02  -6.3833759e-02   8.6859128e-02  -3.4780246e-02  -2.2139731e-02  -7.8497568e-02  -1.1393378e-01   2.2665979e-02  -9.2768209e-03
  -2.2187249e-01   5.4635228e-02  -1.3577858e-01   4.8553867e-02   8.9481517e-02   1.5647878e-01   1.4223845e-01   1.0901880e-01  -1.1323277e-01
  -8.7605001e-02   6.5373531e-04   1.3792548e-01   6.9509128e-02  -5.4492728e-02  -8.3978377e-03  -8.9949353e-02  -2.7766426e-02   4.2494001e-02
  -5.7997711e-02  -2.3407486e-02   8.9781234e-02  -9.5598098e-02   8.0527615e-02   1.0212150e-01   1.2304480e-01   1.4261757e-01  -6.9848315e-02
  -2.1753209e-01   2.9228606e-01   7.3224190e-02  -1.4242626e-01   2.1313515e-01   2.4126091e-01   6.6227050e-02   7.4283078e-02   1.9233866e-01
  -1.3678278e-01   1.6438256e-01   6.0827734e-01   1.1919712e+00  -5.7956045e-01  -3.3697683e-01  -1.8020909e-01   4.4626630e-01   3.1783814e-01
  -1.1609048e-01  -4.1245351e-02  -5.5634826e-02   2.5180783e-02  -2.7546711e-02   1.0194123e-01   7.9707711e-02   1.5117896e-02  -5.1805330e-03
  -6.5593873e-02  -1.0341602e-01  -1.2387517e-01   1.3542298e-01  -9.9437853e-02  -1.2700082e-02   9.9546873e-03  -1.5323968e-01  -2.5594474e-02
   5.0712130e-01  -1.5912352e-01  -8.5610589e-01  -6.3381173e-01  -7.6188772e-01  -2.5019141e-01   3.5758236e-01   9.4724159e-01   7.9887738e-01
  -5.2338330e-03  -9.8563451e-02  -1.0295819e-01  -8.9247962e-02   1.3042279e-02  -2.3468321e-02   8.4444734e-02   6.5584965e-02  -1.2352534e-01
  -8.5119848e-01  -1.7642826e+00   1.8208226e-01   7.9634321e-01  -1.1096843e-01   2.9090670e-01   2.6105007e-01  -2.3914162e-01   7.0853725e-01
   9.4866312e-01   4.9509175e-01   4.9618464e-01   7.1010057e-01   2.6365895e-01  -1.9051967e-01   7.9825306e-01  -5.6182509e-01  -2.9782210e-02
   2.3488045e-01   6.3992136e-01  -6.3943654e-01   1.0188203e+00   4.2980311e-02  -4.7787302e-01   1.5275459e+00  -1.4258493e-01   4.3645320e-01
  -1.6105122e-02  -2.7964983e-02  -2.3921095e-01  -2.4689290e-02  -3.9326780e-02   3.5963220e-02   7.0027500e-02   3.7000529e-02  -5.3648330e-02
  -9.7666993e-02   1.2844165e-02   8.7004066e-02   7.3232220e-04  -3.0912316e-02   9.1246497e-02   4.8101378e-02  -4.5437481e-02   7.1932031e-02
   3.9304834e-02   7.9855128e-02  -6.7021520e-02  -1.2972484e-01   9.5775177e-02   1.6126966e-01   1.0905310e-01   2.8935854e-02   9.2847064e-03
  -1.1170245e-01   8.1058149e-02  -3.5129371e-02  -3.4422489e-01   1.0895649e-01   2.4321710e-01   5.3987568e-02   9.3447291e-02  -2.7061132e-02
  -2.4874508e-01  -7.3785980e-02  -4.6466628e-01   1.0636728e-01  -3.9006365e-01  -6.9264384e-02  -3.3044794e-01  -5.3388735e-01  -5.5996783e-04
  -6.5558395e-02  -1.4781622e-01  -9.0975605e-02   7.4891218e-02  -2.7098860e-02   9.7979652e-02   6.3729402e-02   4.0439465e-02  -7.0754484e-02
  -2.0034298e-01  -9.4429617e-02   2.0195177e-02   1.0306007e-01  -1.1972307e-01   1.0580394e-01  -4.2603473e-02  -2.4301436e-02  -2.6542138e-02
  -9.6685357e-02  -4.4185525e-01   8.8384399e-02  -2.2202256e-01  -3.3014426e-01   2.5037882e-02  -3.6173587e-02  -7.0752673e-02  -2.3980274e-01
  -5.1639093e-01   4.0650745e-01  -1.3905379e+00   4.3972481e-01   8.3877516e-01   1.8714849e-01  -3.2508516e-01   7.3609110e-02   2.3035609e-01
  -2.5950912e-01  -1.1183527e-01   3.7233458e-02   2.1071258e-04  -1.2217533e-01   1.0147578e-01   9.1646365e-03  -3.7331429e-02   7.1701309e-03
   4.2700850e-01  -1.4284353e-01   4.3021950e-01  -4.8878901e-01  -6.2896618e-01  -2.8604774e-01  -8.9089330e-02  -1.1650536e-01   4.2271923e-01
   7.9388919e-01  -3.3659415e-01   5.3923588e-01  -3.8601899e-01  -1.5100686e-01  -4.2165864e-03  -1.7332633e-01  -2.3638962e-01   6.1647972e-01
   6.4807113e-02  -1.4873413e-02   1.1872921e-01  -8.3289590e-02   1.0941269e-01  -2.5431903e-02  -7.0936435e-02   9.3882472e-02  -4.8482365e-02
  -9.8675221e-02   2.7937934e-02   1.2829466e-01  -1.8487473e-01   1.5445039e-01   2.0557692e-01   6.7288727e-02   7.4005576e-02   8.9515136e-02
   8.5285578e-02   2.0517843e-01   9.6486656e-03   6.6442108e-02   2.7788546e-01  -3.4716503e-02  -2.1826388e-02   7.1149329e-02  -4.2182899e-03
  -6.4512661e-03  -7.0431897e-02  -1.9426461e-01  -6.1414301e-02  -1.4565393e-01   6.7038357e-03   5.0623442e-02  -1.1297601e-02  -2.9256883e-02
