   7.7310139e-01  -7.2074646e-01   1.2987495e+00  -7.0451852e-01  -1.2059496e-01   5.1394892e-01   5.7415719e-01  -5.5932894e-01   1.1427775e+00   3.0983676e-01  -1.4297594e-01   1.0422341e-01  -1.9462715e-01  -3.0884581e-01   5.4108835e-01  -1.8317370e-01   5.2980654e-01  -6.3635375e-01  -7.5751212e-01  -8.1002100e-01  -3.2579973e-02   2.9460904e-01  -4.7827596e-01   7.9273928e-01
   7.5943556e-02  -4.7908546e-01   2.5121212e-01   3.2618298e-01  -3.3330954e-01   1.9247109e-01   3.6792838e-01   1.2322923e-01   1.9442731e-01  -6.1731675e-01   8.6430737e-01  -4.2014895e-02   4.7844530e-01  -5.6818347e-01  -1.7672134e-01  -6.1644587e-01   1.7202531e-01   1.2113686e-01   1.7858222e-01  -1.7312125e-02   3.6001783e-01  -2.2193693e-01   4.2312401e-02   1.5170238e-01
  -1.9378602e-01   8.0168903e-02  -5.0072603e-02   2.7732314e-02   3.8293179e-02  -5.0020847e-02  -8.4992381e-02   2.1236774e-01   7.3276207e-02   9.9157189e-02   1.4625602e-01   1.2367293e-01   1.3733716e-02   1.0961387e-01  -1.6005170e-02   1.3443748e-01   1.6331269e-02  -3.9778703e-02   1.3969752e-01   2.1969447e-01  -1.1246907e-01  -2.2299549e-02  -1.1877570e-03  -1.2053173e-01
   4.7109724e-05  -7.1021077e-02   5.8617087e-02  -3.0288116e-02  -5.1907933e-03  -3.5502399e-02   6.3899199e-02   3.5994940e-02   2.2437321e-02  -2.1933192e-02   9.3660555e-02   3.1672474e-02   3.5166523e-02  -2.5456304e-02  -1.0066306e-02  -8.4284181e-03   2.3690951e-02  -4.3641073e-02  -5.2059082e-02  -4.1283280e-02   5.7066672e-02  -2.5088469e-02  -1.1300327e-02   8.0212047e-03
   7.6279953e-02  -8.9066724e-02   3.3210642e-02  -2.3665405e-02  -4.1086811e-02   6.9951604e-02   6.9456480e-02  -7.6976600e-02   4.7992220e-02  -2.4354072e-02   1.4963939e-02  -4.1497222e-02  -1.3527529e-02  -5.4241789e-02   2.8911068e-02  -7.9315043e-02   1.4619834e-02  -5.7353997e-03  -3.4120315e-02  -9.7513677e-02   4.5997889e-02  -7.4862018e-04  -4.6232993e-03   1.6239190e-02
  -4.7237691e-02   6.9127579e-02  -3.1918616e-02   1.6020714e-02   2.7948691e-02  -6.1199077e-02  -9.6994449e-02   6.5033411e-02  -4.6684141e-02   4.2611657e-02  -3.2135271e-03   3.4383792e-02  -1.1269872e-02   4.4844959e-02  -2.2069439e-02   7.7508866e-02  -4.9257587e-02  -8.4914864e-03   1.6436616e-02   9.9582306e-02  -4.4621231e-02   8.5087376e-03   5.1343198e-03  -3.6004476e-02
   1.7933860e-01  -3.3007129e-01   3.6431488e-01  -5.4575517e-02  -1.6229028e-01   1.8291794e-01  -1.0471647e-02   3.8207758e-02   6.1151709e-02  -1.9742745e-01  -2.7269932e-02  -5.0099461e-02   3.7221349e-01   3.3781321e-01   1.3098710e-01  -2.4203795e-01   3.3945000e-01   1.0099004e-01  -2.6635202e-02  -1.0691470e-01  -2.0255977e-01  -1.4201233e-02  -8.8800277e-02   1.7033699e-01
   3.3855472e-01  -1.9454282e-01  -1.5923699e-01   8.7995597e-02  -9.7937801e-02  -5.2431984e-02  -1.7754002e-02  -2.4454560e-01  -4.6310710e-02  -8.4142795e-02  -1.3212753e-01  -2.1511416e-01  -2.6618932e-01  -1.0711144e-02   5.2869413e-02  -1.4264110e-01  -2.7400797e-01   1.2947345e-03  -1.0918650e-01  -1.4964109e-02   1.3655371e-01  -3.5696651e-02  -8.8200594e-02   9.2646884e-02
  -6.3972527e-02  -1.3493763e-02   1.7524474e-01  -2.5168348e-01   1.5498522e-01   6.3184382e-02  -1.4706754e-02   8.0022887e-02  -4.7080247e-02   2.9075006e-01  -8.8721470e-02  -6.4964970e-02  -2.9269080e-01   2.3157577e-01   4.8626092e-02   3.2481256e-01  -1.7510371e-01   1.1838056e-01   4.0051619e-02   1.6043628e-01  -1.2927050e-01   2.4996536e-01  -1.1841748e-01   1.6947526e-01
   4.1469844e-02  -2.2788132e-02  -3.6770502e-03   2.1552381e-03  -3.9707733e-03   1.1287688e-01   1.5230866e-01  -8.3906999e-02   3.0764984e-02   5.9713314e-03   3.7747958e-02  -5.0783275e-03   2.7975635e-02  -7.8331229e-02   2.6791134e-02  -2.0799755e-02   1.3224475e-01  -7.6470545e-02  -3.4862975e-02  -1.2504677e-01   2.9989729e-02   2.6035747e-03  -8.4300632e-02   1.2965729e-01
  -8.6015544e-02   1.1498146e-01  -3.8513671e-02  -2.8497957e-02   9.0642164e-02  -9.1091419e-02  -2.1620793e-01   1.3580936e-01  -5.1652757e-02   1.0085551e-01   7.2532182e-02   5.9271935e-02  -4.4415710e-02   4.8468472e-02  -4.0471877e-02   1.5517915e-01  -1.3480050e-01   2.1723782e-03   4.8825340e-02   2.0090095e-01  -7.6095497e-02   3.2763072e-02   7.1578809e-02  -3.2667452e-02
   2.7166944e-02   1.2823220e-03   8.6630627e-03  -5.4182514e-02   4.1508876e-03  -5.6050492e-03  -2.7081929e-02  -1.6703910e-02  -1.0493707e-02   1.4286041e-02   1.7790725e-02  -1.3335820e-02  -2.6244872e-02   2.7432947e-03  -4.0914856e-05   3.7650544e-02  -4.9411973e-02   2.7607647e-04  -2.3200146e-03   4.4559432e-03   6.7481473e-03   3.6648946e-02  -4.0613512e-02   2.1524189e-02
  -2.2035220e-02  -1.2081221e-01   1.7033909e-01  -3.9271220e-03  -2.3070799e-02   8.2499152e-02   8.7274580e-02  -3.9648949e-02   2.1357756e-01  -9.3722148e-02  -7.0840521e-03   1.3942934e-02   9.8324617e-02   1.0519068e-01   7.5085420e-02  -2.5425581e-02  -4.8924067e-02   8.0005533e-02   6.7783477e-02  -4.0214951e-02  -6.5240998e-03   1.7513353e-02  -3.7406653e-02   1.6599512e-02
   4.0690296e-02   2.0549430e-01  -1.5726965e-03  -2.5130059e-01  -3.8418534e-03   1.7513105e-01   2.0311940e-01   2.4169361e-01   9.5472507e-02  -1.1777915e-01   5.0579335e-01  -1.7724651e-01  -1.7435350e-01  -5.8911868e-01  -4.7613009e-01  -1.1733225e-01   5.2312943e-01   5.3830010e-01   4.3889467e-01  -3.9261355e-01   3.3987983e-01  -3.7673526e-01   1.6863605e-01   2.3705125e-01
  -4.2805683e-02   2.1229265e-02  -1.7864435e-02   1.9690438e-02   5.7130960e-02  -2.7304728e-02  -3.2390933e-02   3.2466589e-02  -1.0124877e-02   3.4543753e-02   1.2985425e-02   3.5665301e-02   2.9792554e-02   3.5143384e-02  -3.6562126e-02   2.6869664e-02   3.9133006e-02   3.5613204e-03  -3.3417431e-03   6.6777308e-02  -1.7277066e-02  -3.7294455e-02   8.9283923e-03  -2.5220647e-02
   3.1662143e-02  -5.1629888e-02   1.9051978e-02  -2.8141207e-03  -3.1526037e-02   3.0295344e-02   5.0369400e-02  -3.3558953e-02   3.7710873e-02  -1.7477364e-02  -1.0598191e-02  -1.8853419e-02   4.4952571e-03  -3.3491084e-02   1.9565999e-02  -5.4550379e-02   1.1370278e-02  -7.4547370e-03  -1.2684119e-02  -5.0646502e-02   2.0472296e-02  -6.3641318e-03  -6.0008759e-03   1.4122669e-02
  -3.1129184e-02   2.9516696e-02  -3.3582884e-03  -4.8653254e-02   6.5273393e-02  -3.0415429e-02  -5.7337479e-02   1.5260455e-02  -4.7767306e-02   9.5421422e-02   1.6885147e-02   2.0623197e-02  -6.2297335e-02  -3.7178298e-03  -1.9455653e-02   8.6520966e-02  -8.9096507e-03  -6.0146755e-02   7.5634293e-04   9.5333286e-02  -1.8619785e-02   8.1392708e-03  -4.5491817e-02  -2.4770242e-03
   8.9943106e-02  -1.0092324e-02   4.9051883e-02  -3.1269285e-02  -5.1332400e-02   5.1232035e-02   9.3461217e-02  -1.4595050e-01   9.4147679e-03  -3.9618126e-02  -1.1680375e-01  -5.2422073e-02   2.1525858e-02  -5.9081815e-02   8.8691327e-02  -4.8033581e-02   6.4681601e-02  -9.1080270e-02  -7.6501341e-02  -1.2546501e-01   3.9854571e-02   5.0418663e-02  -1.0192198e-01   9.9309934e-02
   1.0423747e-01  -1.0235325e-01   4.5741501e-02  -3.6805115e-02  -2.0297734e-02   8.8608726e-02   8.9074585e-02  -1.6133103e-01   4.3891769e-02   1.0059676e-02   2.7357908e-02  -5.6012057e-02  -3.0471573e-05  -1.0337425e-01   4.2873250e-02  -1.1025176e-01   3.3062306e-02   1.5957816e-02  -7.2973521e-02  -1.0588205e-01   8.9692445e-02  -1.3746940e-02   5.7033155e-03   9.3383942e-02
   8.2035183e-03  -1.6703789e-02   1.0051720e-02  -1.1721843e-02   5.5995298e-03   1.1705182e-02   1.7356503e-02  -1.7415314e-02   1.4635501e-02  -7.6163290e-03   2.6280632e-02   1.4352421e-02  -4.1800258e-03  -9.4979891e-03  -1.8340620e-02  -1.4135917e-02   5.1620281e-03   9.1694154e-03   6.5447259e-03  -1.3181729e-02   2.1300975e-02  -2.6604866e-02  -1.1745148e-02   2.8333881e-02
