  -6.0631584e-02
  -9.3419302e-03
   2.3387269e-03
   7.6580328e-02
   8.7193268e-02
  -1.1870602e-01
   2.1789116e-02
   5.4363772e-01
  -5.6220382e-03
  -2.7365249e-01
  -3.9466072e-02
   1.9934810e-01
  -1.9104799e-02
  -1.7319643e-01
  -7.2248562e-02
  -1.0564811e-01
   7.0268595e-02
  -2.4259441e-01
   7.3731573e-01
  -6.1650171e-02
   5.1605263e-02
   3.4315206e-01
   5.8658620e-01
   1.2138229e-01
  -1.5030738e-01
  -3.5090632e-01
  -4.7794447e-02
  -2.1950350e-01
  -2.1274983e-01
   3.1363645e-01
  -6.6773461e-02
   7.3385048e-02
  -3.7408893e-02
   2.6762543e-02
   1.1056614e-01
   9.9328061e-02
   8.0856938e-02
