   2.9631304e-01
   5.3339823e-01
  -2.3818555e-01
  -4.0237035e-01
  -8.6710047e-03
   4.9075749e-01
   2.3793106e-01
   1.7471941e-02
  -7.5718650e-02
  -2.6337476e-01
  -2.6155790e-01
   2.3645741e-02
   8.0775354e-02
   6.8388416e-03
   3.3983213e-02
  -2.2446497e-02
  -1.2530884e-01
  -9.1358941e-02
   1.1329641e+00
  -4.7351579e-02
   8.0509238e-02
  -5.9327253e-03
  -4.6275354e-03
   1.1189893e-01
   4.3720838e-01
   5.5837824e-03
  -1.2502735e-01
  -8.2781621e-01
   2.9758473e-02
   1.2354077e+00
  -2.0862994e-01
  -5.9065149e-01
   9.9684213e-03
   8.8438129e-03
   8.8710182e-02
   1.1435267e-01
  -3.2109577e-01
  -1.4834802e-02
  -2.8947504e-02
  -1.6945798e-01
  -5.2402428e-01
  -1.2436821e-02
   1.5662421e-01
  -1.9639167e-01
   7.6520100e-02
   1.5386142e-01
   7.7976874e-02
  -2.3353244e-02
