   2.2139847e-01   8.3199870e-01  -2.9902207e-01  -2.9964943e-02   8.4818973e-02   6.5770684e-02   2.0853509e-01   3.3954030e-01   1.7537206e-01
   1.4577019e+00   2.0630456e-01   2.2804731e-01   5.3658358e-01   7.4026377e-01  -7.1538131e-01   7.6186953e-01  -3.2248839e-01   2.2921102e-02
   2.2754926e-01  -1.1991170e+00  -9.6601296e-01  -3.9385979e-01  -8.1694390e-01   3.8447869e-01   2.3669820e-01  -2.1914114e-01  -7.9077531e-01
   5.5180191e-01   2.4154666e-01   8.4065165e-01  -4.0623557e-02   2.1214309e-01   1.3368560e-01  -2.7852354e-02   3.4611417e-02  -3.3050869e-01
  -2.9406897e-01  -2.3030562e-01   1.0617669e-01  -2.4152540e-02  -3.5144879e-02   5.4105427e-02   9.2800544e-02   2.1270158e-02   1.8014019e-03
   4.3527151e-01   1.8668553e-01   2.5855281e-01   7.0835870e-01   5.0549055e-01   2.5547013e-01  -2.8599619e-03  -1.4095706e-01  -3.4378242e-01
  -6.5068371e-01   2.2826292e-01   2.3989040e-01   1.3271813e-01   8.0504499e-01   7.2327112e-01  -7.0129030e-01  -3.8490476e-01  -4.2611517e-02
   7.1100288e-01   3.8501304e-01   9.7511173e-02  -1.5258598e-01   2.1518466e-01   6.2207073e-01  -6.4208869e-01   2.0820692e-01   2.1304563e-01
   3.6447846e-01  -1.0708461e+00   9.2700787e-01   6.7896423e-01  -7.2350571e-01  -7.8012570e-02  -1.0906896e+00   5.1683719e-01  -3.6811735e-01
  -6.9794724e-01  -1.1279167e-01  -4.0576815e-01  -1.5681377e-02  -2.7143055e-02   2.6150444e-01  -7.9595201e-02   2.2501190e-01   2.6587996e-01
   3.5832370e-01   2.9985575e-01   4.6203724e-02  -2.3300392e-02  -1.3329138e-02  -8.7152933e-02  -2.9985730e-01  -2.7070290e-01  -1.4529610e-01
   2.9024277e-02  -1.6696911e-01   3.2056595e-02  -1.4818778e-01   9.4174602e-02   2.2617426e-01   2.6327225e-02  -2.7700533e-02   1.2624201e-01
   7.8287711e-01  -4.5006211e-01   2.5869770e-01  -7.1280020e-02   1.4661526e-01  -4.2307939e-01   7.2321236e-02  -4.1409486e-01   1.1451226e-01
   7.9074291e-02  -4.8894462e-01   3.1924932e-01   7.2962747e-02  -2.9671622e-01   1.0896968e-01   3.4305218e-01   2.4078471e-01  -2.4087320e-01
   7.5332085e-01  -4.3305306e-01  -3.7967668e-01  -3.2968329e-01   3.3280118e-01   2.2961340e-01   1.5994597e-01  -1.0722184e-01  -2.3633063e-01
  -4.4890661e-01  -4.0431999e-01   1.5986699e-01   2.4372589e-01  -2.6426737e-02   1.3186911e-01   1.6721236e-01   1.0955687e-01  -1.0099205e-01
  -9.2303293e-02  -9.2879646e-01  -1.4454370e-01   1.8961813e-01   1.4036391e+00  -1.5893275e-01   1.2118062e+00  -1.6002572e-01  -1.7478502e-01
  -2.1242424e-01  -9.8572043e-02  -2.0236111e-01   7.9996183e-01  -1.7623556e+00  -7.9899258e-02  -3.9870296e-01  -3.6462868e-01  -2.3611865e-01
   3.2955009e-02  -3.9308066e-01   8.3317687e-03   2.0377491e-01   2.0999722e-01   2.8414592e-01  -5.6035739e-01   8.8609315e-02  -4.8485988e-01
  -6.8494504e-01  -5.9533492e-01   1.6737151e-01  -6.3106693e-01   1.1736010e-01  -1.2902469e-01   1.2363158e-01   2.6217010e-01  -1.6891849e-01
  -6.6795773e-02   2.2953123e-01  -1.0510754e-01  -8.8635131e-02   1.9143473e-01  -1.5103586e-01  -2.5734621e-01  -9.1460390e-02   6.6866712e-02
  -6.9910740e-02  -1.6390299e-01  -1.6364606e-01  -1.6093685e-01  -1.6607893e-01   8.2280814e-02   1.1411391e-01  -9.9454046e-02  -1.0576403e-01
   9.9031740e-01  -3.3905716e-01  -1.4759189e+00   2.6826273e-01  -6.2600707e-01  -2.7480704e-01   1.9152209e-01  -2.0307137e-01   2.1649330e-01
  -4.2593585e-01   1.6627752e-01   1.8723380e+00  -7.0816322e-01  -4.8199831e-01  -2.4512004e-01  -1.4113783e-01  -4.0909739e-01   3.4644495e-01
