   1.7113761e-01   1.5588909e-01   1.9161017e-02  -2.0340237e-01  -1.6499589e-01   1.2705440e-02  -1.7585188e-01  -1.7283923e-01  -1.1062780e-02
  -1.8282795e-01   1.5049349e-01   1.8769622e-02   1.0048690e-01   5.1170630e-02   4.4539242e-02  -4.8428074e-01   1.1228427e-01  -1.5548087e-01
  -2.0685776e-02   7.1610068e-02   2.4428466e-01  -1.8762449e-01  -1.1817815e-01   3.7180329e-02   1.3016231e-01   1.5569612e-01  -1.8384238e-01
   5.4075703e-02  -2.6249371e-02   9.7956613e-02  -1.7766266e-01  -8.3403353e-02   1.6463341e-01  -2.5287388e-01   9.6496055e-03  -1.0310145e-01
  -6.9623495e-03   1.5176359e-01   3.3673718e-02   1.9172449e-01  -2.0191502e-01  -4.6435282e-03  -9.8115427e-02  -1.0291237e-01  -1.3744273e-01
   4.5962482e-02   4.0515380e-02  -8.5885594e-02   1.4843906e-01   1.4444711e-02  -1.7728550e-02  -5.4433571e-02  -1.9742863e-01  -4.1416567e-02
  -4.8314517e-03  -3.4901802e-04  -9.5747064e-02  -6.6218879e-02  -6.7265713e-02   3.4820904e-03  -2.1339129e-01  -1.8004262e-02  -1.5562093e-01
   1.1155976e-01  -8.5499412e-02  -1.7019071e-01  -1.3094573e-01  -4.8120118e-01  -1.8321344e-01  -3.7971618e-01  -2.2309272e-01  -4.1668292e-01
  -1.7509801e-01  -1.8926195e-01  -9.5498459e-01   2.1279089e-01   7.1526495e-02   6.6722040e-02  -2.6571266e-01  -3.2401821e-01   2.4678332e-01
  -1.2616249e+00   1.1852344e+00  -1.2304965e+00   9.2525851e-01   7.6055910e-01   1.3930420e-01  -2.3880228e-01   4.0154146e-01  -8.1531385e-02
   8.1394188e-01   4.7592587e-02  -4.2865643e-01  -5.2496396e-01   6.2132033e-01  -8.2265065e-01   1.5139689e-01  -5.8478448e-01   8.1214529e-01
  -5.3313607e-01  -3.2314752e-01   1.7771647e-01  -5.3567906e-01  -9.9603543e-01   1.7836481e-01  -8.6075650e-02   2.4579110e-01   5.8609264e-02
   1.2717890e-02   1.3672864e-01   3.0321591e-02   6.0120203e-02  -2.2661552e-01  -3.7424590e-02  -2.0678208e-01  -8.5512265e-02  -5.8267986e-02
  -1.8475357e-01   3.4577356e-01  -7.0085323e-01  -8.3663100e-01  -7.9073888e-01   3.8475374e-01  -1.0112691e+00   2.0906879e-01  -3.5167086e-01
   4.5036781e-01   5.8915709e-01  -3.8888640e-01   4.8517309e-01   2.5431119e-01   2.4945634e-01  -1.7161376e-01  -1.4206953e-01  -3.2301918e-01
  -5.4003960e-01  -1.7993190e-01   1.4575379e+00  -1.7312290e+00   8.4696698e-01  -8.4071494e-01  -5.8929703e-01   1.4290380e-01  -3.8146170e-01
  -7.9626086e-01   1.2956129e-01  -1.0160143e-01  -4.8889083e-01   1.3350056e-01   9.5262796e-01   1.5772629e+00  -8.7025662e-01   1.1936437e-01
  -3.4889808e-01   5.6282011e-01   1.0178174e-01  -7.8304358e-01   7.3931969e-01  -6.8992385e-02  -2.2943919e-02  -9.5092346e-01   5.9410831e-01
   1.0878339e-03  -7.3010209e-02  -3.4690230e-01  -1.7471607e+00   1.9497426e+00  -6.0547043e-02  -3.6920470e-01  -1.2942615e-01   2.6138927e-01
   1.1420274e-01  -3.4098517e-02  -2.3008405e-01  -4.6529149e-01   7.9341830e-02   1.6259165e-02   5.5092377e-02   2.1629614e-01   1.7446461e-01
   1.1356690e-01   1.5978934e-01   7.6746433e-01  -2.6600691e-01   6.7889698e-02   5.3648052e-02   8.9553837e-02  -5.1627250e-01  -3.7060652e-02
   2.5146019e-01  -5.5757999e-01  -3.4525533e-01  -1.2816391e+00  -6.7927248e-01  -3.3761831e-01   5.4584201e-01  -3.4067862e-01  -1.9037703e-01
  -3.0389450e-01  -3.9503842e-01   2.3553129e-01   2.3573948e-01   4.3598098e-01   8.9823620e-02   3.1829910e-01   6.2885009e-02   2.5772099e-01
   2.7726194e-01  -5.6852502e-01   2.8108232e-01   9.0958331e-02   5.1739751e-02  -2.8659177e-02  -1.0099764e+00   1.7629314e-01  -1.9722015e-01
   5.3809380e-02  -6.8389432e-02   4.5199960e-02  -2.9254558e-01   3.6484553e-01   5.3944434e-02   1.5552584e-01  -1.2910413e-01  -6.1499562e-02
  -7.5881921e-02   6.4075382e-02   1.4871823e-01   1.1276822e-01   1.2852876e-01  -4.1887309e-02  -9.0162572e-02  -2.8672722e-02   1.6295075e-01
  -3.5033298e-01   4.7212975e-01   6.5548792e-02   1.5843386e-01   5.5403427e-02  -1.9286557e-01  -3.7893466e-01   2.9908109e-02   4.0494170e-03
  -7.4210049e-02  -2.4829516e-01  -4.1078971e-01  -2.2847024e-01   1.1138720e-01   1.4450976e-01  -3.0030269e-01  -1.8073840e-01  -3.0246358e-01
   4.2191138e-01   2.0140426e-01   8.3534312e-01   6.8297506e-02  -6.2869276e-02  -5.3296293e-01   2.5735724e-01   6.5666858e-01  -8.1717594e-02
  -1.0098199e+00   4.2348577e-01   1.7090516e-01   8.2666200e-01   5.6897001e-01   2.4453550e-01  -2.4266161e-01   2.5613753e-01   2.2190084e-01
  -1.0269100e+00  -1.7474995e+00  -9.6027118e-01   1.1081380e+00   2.1506946e-01  -9.5129533e-01   9.0257562e-01  -4.4238562e-02   3.8681408e-01
   7.2760431e-01  -5.9291882e-01  -9.7299891e-02   7.1952253e-01  -7.3970960e-01  -5.9649348e-02  -2.8771275e-01  -9.9440490e-02   7.8173989e-02
  -3.0852044e-01  -1.3511512e+00   4.6365223e-01   2.8991744e-01  -2.3619036e-01   2.5687476e-01   2.0228616e-01  -7.5707410e-02   2.4940890e-01
  -3.7191790e-02  -5.9302024e-02   2.3475936e-02  -3.5972618e-02   8.3662021e-02  -1.3950431e-02   1.2336191e-01   1.5109033e-01   1.0856200e-01
   1.7922439e-01   7.3653510e-02  -1.1934734e-01   2.3465678e-01  -1.3326276e-01  -4.7679663e-01   3.6929369e-01  -7.2248278e-02   3.7341428e-01
  -2.2524807e-02   8.7942416e-02   1.0879720e-01   1.5788069e-03  -1.3303505e-01  -3.4330040e-02  -2.5386814e-01  -4.1458310e-02   3.6489387e-02
   4.0659809e-03  -4.5138292e-01   2.2935803e-01  -3.7103625e-02   1.0602620e-01   6.0703462e-02   1.1418899e-01   1.8028829e-01   2.7742941e-02
  -2.0533414e-02   1.2963033e-01  -4.0944679e-02  -5.3964608e-02   4.4331560e-02   4.5083526e-02  -2.9747490e-02   7.6631069e-02  -1.1821844e-02
   1.8040515e-02   1.3192114e-01  -1.7010613e-01   3.3157827e-02   8.6025253e-03   3.0512018e-02  -1.2662591e-01  -1.3747052e-02  -1.5396730e-01
  -2.2302182e-01  -1.3053327e-01   1.6204533e-02   3.8894856e-01   1.0215562e-01  -7.0980469e-01   1.6924061e-01  -1.1138145e+00  -5.9310230e-01
  -3.7584245e-01  -1.3917804e+00   2.8971087e-02   3.6807459e-02   3.6461183e-02   3.0709791e-01  -3.9830756e-01  -3.7709056e-01  -3.1619700e-01
