   8.7081174e-01  -1.7744975e+00   7.9677632e-01   7.0434440e-02  -1.6695174e-01  -1.0446281e+00   1.0711876e-01  -2.8885158e-01   5.5825749e-01
  -3.3481604e-01   1.5256525e-01   1.0567773e+00  -1.0877318e-01   4.2861851e-01  -1.2065039e+00   4.8640983e-01   2.1259662e-01   1.0737477e+00
  -6.5321057e-01   2.8356962e-02  -2.2506158e-01   2.8776464e-01  -2.6076034e-04   5.4034953e-01  -3.7479540e-01   2.4222041e-01   2.2561272e-01
   4.7138531e-01  -6.2632300e-01   1.9448401e-01   3.1605712e-01   7.5117204e-01   3.4554445e-01   2.9504272e-01   1.1969620e+00  -2.9115865e-01
   5.6622602e-01   1.0012137e-01   1.1516128e-02  -1.0066754e-01   2.2022256e-02   4.7527012e-01  -2.4210057e-01   4.8786386e-03   1.1514151e-01
   1.6561457e-01   3.0327655e-01   4.3521059e-01   4.9164922e-01   4.9392862e-01  -1.8977697e-02   5.2366783e-01   2.8220163e-01  -9.8690876e-03
   6.4198104e-01   2.6067282e-01   1.0853356e+00   5.1187143e-01   1.0984288e+00  -4.2101958e-01  -1.7927851e-01   2.5020148e-01  -5.5313020e-01
  -8.4679890e-01  -6.6185883e-01   9.4279027e-01  -2.3278029e-01   4.2007111e-02  -8.6723975e-01   1.9416852e-02  -6.4597615e-01   7.4711579e-01
   8.5129846e-01  -1.8273352e-01  -7.2083264e-01  -2.5518237e-01   6.5298911e-02  -1.6589201e+00   2.2830628e+00  -3.0978108e-01   6.5393956e-01
   5.0767434e-01   3.6097818e-02   6.9127198e-01   1.8529791e-01  -6.8894610e-01   1.7348464e-01   2.9206068e-01   3.1567436e-01  -4.8674980e-01
  -6.0233856e-02  -1.8230652e-03   3.9845042e-01  -9.4349458e-01   3.8210562e-01   4.5479687e-01   2.3795638e-01  -2.8526318e-01  -1.4330258e-01
   4.7350119e-02   9.1035690e-01  -4.3449943e-01   1.8971017e-01  -1.3172408e-01  -6.9525579e-01  -1.9898894e-01  -8.3108103e-01   3.6863014e-01
   7.0342378e-02   1.4997403e-01  -1.4479910e-01  -2.2842214e-01  -2.7164803e-01  -2.2668078e-01  -8.0288261e-02  -3.3468056e-02  -6.0321002e-01
   8.3939033e-01  -1.4054522e-01  -2.8937461e-01   4.6934194e-01  -8.2771345e-01  -5.4764658e-02  -4.6690138e-01  -6.6055211e-01   6.3595997e-01
   4.1321623e-02   4.1345958e-03   1.1518138e+00   5.1974256e-01  -1.0295796e+00   3.1555872e-01   3.2234516e-01   2.5129389e-01  -1.0221513e+00
  -3.0064107e-01  -1.5378047e-01  -7.1167851e-01   5.4053646e-01   3.9165265e-01   7.3759964e-01   6.5948990e-01   1.0333778e+00   4.1149707e-01
  -2.9942346e-01  -1.9189953e-01   2.0815429e-01  -3.1067468e-01  -5.6806494e-01  -5.3677340e-01  -1.1348248e-01   5.8524105e-01   2.8864784e-01
   2.9994598e-01  -4.2183420e-01   1.8333089e+00   8.7294547e-01  -1.3547055e+00  -5.5928503e-01  -3.4667999e-01  -8.9049262e-01  -1.0315031e-01
  -3.2901999e-02   3.0625215e-01  -1.1924015e-01  -3.3382346e-01   1.8025000e-01  -2.9783439e-01  -3.4527208e-01  -4.4420915e-01  -4.6080078e-02
   2.1278810e-01  -1.9103769e-01  -4.7845478e-01  -3.0941936e-01   3.9058756e-01  -2.0084607e-01   8.7816746e-02  -9.6529795e-02   1.4803786e-01
  -3.1188982e-01   4.0130882e-01   5.7825401e-01  -5.7828650e-01   4.6797849e-01   6.5172280e-01   1.7742736e-01   2.2473210e-02  -6.4846679e-01
  -1.2613196e-01  -9.3395177e-01   5.5269921e-01   6.4901801e-01   4.9425524e-01   2.6434821e-02  -1.2853458e+00  -7.6002179e-01  -1.1704637e-01
  -6.6350734e-01  -2.2072238e-01   7.5198632e-01  -3.3520596e-01   2.6718868e-01  -7.0279902e-04  -8.0046936e-02  -6.0360335e-01   3.5812650e-01
  -7.7003504e-02  -4.2318168e-01   4.1611386e-01   2.7916122e-01   2.0584254e-01  -1.9156665e-01   8.4551684e-02  -1.9778482e-01  -3.0501005e-02
  -5.6487465e-02   5.1242386e-01  -7.9480893e-01  -1.5387155e-01   1.4183492e+00  -2.2629564e-01   1.0316216e-01  -5.6433623e-01   1.0914347e+00
  -7.3178826e-01   5.2106933e-01  -6.3861018e-01   6.3569547e-01   8.2191544e-01   3.5422611e-01   2.4330835e-01  -9.7617982e-01  -6.8946207e-01
  -6.3077357e-01   3.7842113e-02  -1.5560733e-01  -3.3299788e-01  -3.0546393e-01  -2.6398963e-01  -1.5342186e-01   5.9767474e-01   1.6902889e-01
   4.8915768e-01  -4.4260186e-02   1.4971162e-01   2.4227719e-01  -3.4274246e-01  -1.1416757e+00  -3.1612302e-01  -2.9317472e-01   5.6629652e-02
   2.6284597e-01   1.9898108e-01   2.5964568e-01  -7.2268269e-01  -2.9153809e-02  -2.1115723e-01   4.7106688e-01  -8.2346532e-01   3.8649008e-01
  -3.2148748e-01  -3.8077314e-01  -1.1758104e-02   5.1773294e-01  -1.9522057e-01  -8.9429796e-01   4.1354737e-01  -4.7366866e-01  -4.5528179e-01
  -4.2378624e-01   4.5354491e-01   3.9827362e-01   1.9814577e-01  -4.9217952e-02   6.2702248e-01  -7.2776370e-01   6.3091551e-02  -4.4647884e-02
  -2.3390338e-01  -2.7610150e-01  -3.2666452e-01  -3.5234215e-01  -1.9597577e-01   3.5631939e-01  -5.5987087e-02  -2.7264480e-03  -1.4652052e-01
  -3.6552376e-01  -1.4036789e-01  -2.4687373e-01   4.6203356e-02   7.8096769e-02  -3.3970386e-01   2.4263057e-02  -3.8730216e-01  -3.3954385e-01
  -2.9591572e-02   4.0295029e-02  -3.7886481e-02  -3.6388079e-02  -2.4646818e-01  -1.6130963e-02   2.2035639e-01   1.6888176e-01  -2.6384964e-01
  -5.9279148e-01   9.7151973e-01   6.2998885e-01  -2.0564764e-01   8.5830684e-01   9.9110971e-01  -4.0226790e-01   5.5018932e-01  -1.8895010e-01
  -2.3599884e-02   7.0355181e-01   2.3890875e-01  -2.0861858e-01  -7.9759733e-01   2.0367049e-01   6.7556147e-01  -3.4266313e-01   1.3050758e-01
