   9.6194117e-03  -3.5274054e-02   2.5374636e-02  -1.0768714e-03  -3.7371553e-02  -1.5105854e-02   4.1318490e-02   1.4159966e-02  -3.2664329e-03   3.2691199e-02  -2.2125369e-02  -6.9202599e-02   1.4319515e-02   3.1734465e-02   1.5927820e-02  -2.8453963e-02  -2.0445828e-02  -1.0806364e-02  -3.4201805e-02  -3.4571032e-02   4.0197784e-02  -3.8390275e-02  -2.9321272e-02  -2.3030853e-02
   4.9510353e-02   7.3726789e-02  -2.8320711e-02   8.9079494e-02   1.2716267e-01   2.0181191e-01  -4.4112844e-01  -1.0507607e-02   1.8490548e-01   1.8759077e-01   8.0690533e-02  -5.2786403e-02   8.2896923e-02   1.4758810e-01  -1.4940507e-01  -8.3718664e-03  -5.9309892e-02  -2.3007365e-01  -2.8879314e-02  -5.6114800e-02  -2.5931778e-01  -8.8281063e-02   4.3532983e-02  -1.8089913e-01
  -1.0800997e-01  -3.6944423e-02   8.3477163e-02   1.3183693e-01  -1.6197439e-01  -1.3000421e-01   6.4017323e-02  -1.1419322e-01   4.4996773e-01  -3.0753045e-01  -1.0309821e-02   1.2295586e-01  -5.3971764e-03   3.3454967e-01  -1.9794751e-01   2.8671239e-01  -1.1304817e-01  -3.5416962e-01   2.8351946e-02   1.2581403e-01   9.8342999e-02  -1.3920396e-01  -8.9508970e-02  -6.4299417e-01
   5.8937022e-03  -4.9814351e-03   4.5382398e-03   7.8092190e-03   5.0818104e-03   4.2266744e-02  -5.5357120e-02   5.3368569e-02   5.4220602e-02   6.1572050e-02   3.7720560e-02  -5.5713668e-03   6.8310215e-03   2.0841065e-02  -7.4330438e-03  -1.9949700e-02  -2.7020887e-02  -2.8796488e-02   1.1709421e-02  -2.8011005e-03  -3.6389214e-02  -2.6469547e-02  -1.3068968e-02   5.7572170e-03
   5.7596368e-01   2.4789989e-01   6.5199130e-01   1.1663922e-01   1.0603005e-01  -3.7914861e-01  -5.1321387e-01  -4.8993555e-01   3.9566386e-01   5.2517971e-02  -3.5271034e-01   1.9796416e-01  -6.3986443e-02  -1.0395322e-01  -4.8756291e-01   1.0245934e-01   1.0588986e-01  -1.4706247e-01   1.2849403e-01   3.0847560e-01  -3.1473250e-01   1.3109469e-03   2.4755832e-01  -7.5215620e-02
   2.4339739e-03  -6.2422632e-02   8.7709326e-01  -1.4107924e-01   2.6216281e-01  -3.6050559e-01  -8.0425029e-01   3.2801596e-01  -2.9598896e-01  -5.8171414e-01  -2.3886897e-01  -5.5034220e-01  -2.8447033e-01  -1.4532255e-01   2.9609798e-01  -2.3520376e-01   1.1541028e-01   2.4420295e-01   2.5172852e-01   3.0854586e-01  -8.8285063e-01   3.6893119e-02   3.7337652e-02   3.9306193e-01
  -3.4950940e-03  -6.2132582e-03   4.8821913e-03  -3.4180956e-03  -8.1035239e-03  -1.2650504e-02   1.8828199e-02  -5.9093739e-03  -1.5021561e-02  -1.3701515e-03  -1.1359587e-02  -2.2233120e-02   9.5544013e-04   7.6260790e-03   1.6718863e-03  -6.6378756e-03  -3.0440837e-04   1.3769743e-03  -1.4302799e-02  -1.0550444e-02   1.5859042e-02   1.6501630e-03  -9.9244949e-04  -5.1580104e-03
   2.4613802e-03  -1.8830023e-03   1.5043923e-03   5.0782455e-04  -3.3679887e-03  -4.2629231e-03   9.7039193e-03  -5.9083145e-03  -5.8310544e-03  -4.0489750e-03  -8.6927632e-03  -3.3321942e-03   1.6280885e-03   3.0549605e-05   3.0916237e-03   2.8080377e-03   7.2582343e-04   2.9926956e-03  -5.0901880e-03  -2.7971938e-03   5.3806429e-03   2.6811500e-04  -1.6302650e-03  -5.5836937e-03
   2.9582044e-04   4.5492140e-03   2.1065141e-04   1.1374878e-03   9.5104736e-04  -6.9160981e-03   1.5310913e-02  -1.7899765e-02  -1.1790699e-02  -1.7362290e-02  -1.4329047e-02   9.1076512e-03   5.4776457e-04  -5.7423794e-03   4.4316949e-03   1.3739035e-02   6.7960529e-03   1.0565141e-02  -4.3075361e-03   2.0923883e-03   4.2306306e-03   1.1126707e-02   3.1098309e-03  -5.6593293e-03
  -6.7109441e-01  -4.6435449e-01   2.2032479e-01  -1.4655613e-01  -2.0827280e-01  -2.2856502e-01   9.0151569e-01   2.0305361e-01  -1.7637832e-01  -8.5273501e-01  -3.3300321e-01  -9.1488294e-02  -2.9281820e-01   2.4208668e-01   4.4686770e-01  -2.6102562e-01  -4.3858420e-02  -2.3711312e-01  -7.3372441e-03  -5.8404181e-01  -9.4680511e-01   1.4293230e-01  -3.6950726e-01  -1.4401950e-01
  -3.3732027e-01  -9.8871594e-02   8.5027119e-01  -1.1081029e-01  -1.4335935e-01  -3.2306087e-01   5.4094620e-01  -1.8331625e-02  -3.0312556e-02  -1.2594363e-01   1.3422340e-01   8.4194931e-02  -1.6409713e-01  -2.0780871e-01  -1.9489213e-01  -2.9411227e-01   8.0897160e-02  -1.3743155e-01   2.8854410e-01   4.0857229e-02   8.0492382e-02   6.8366509e-03   1.5767917e-02  -5.2169939e-01
  -1.5510030e-02  -1.2949282e-03  -3.5907233e-02  -1.0111800e-02   2.3432034e-03  -3.2486989e-02   3.7004569e-02  -2.5849107e-02  -4.5433038e-02  -3.5961650e-02  -3.3573700e-02  -1.6173233e-02  -8.8882359e-03  -1.6313889e-02  -6.6231034e-03  -5.6516723e-04   1.3016609e-02   4.8382318e-03  -1.7308416e-02  -2.0202102e-02   2.2752042e-02   1.5251910e-02   1.0584595e-02  -1.1602592e-02
   1.1914807e-02   3.9975727e-02   3.5815222e-01  -1.2937587e-01   3.5303323e-01  -1.3317122e-01  -3.8157581e-01  -2.8830691e-01   9.5877186e-02  -8.9191076e-01  -5.8070853e-01  -1.1966974e-01  -3.3069004e-01   6.3865894e-02   4.4608660e-02   1.7203691e-01   3.1803662e-01   1.8161564e-01   6.9744674e-02  -2.4261032e-03  -2.8291553e-01   3.8923574e-01   1.3442020e-01  -5.6860469e-01
  -3.8628813e-02   1.6986292e-02  -6.4761623e-02  -2.3921498e-02  -1.5344993e-02  -6.2048146e-02   1.2691750e-01  -1.0235162e-01  -1.9990434e-02  -1.2154898e-01  -5.9957611e-02   7.1602167e-02   2.5279914e-02   2.7342530e-03   4.0717849e-02   9.6473196e-02   4.7637137e-02  -2.7459783e-02  -2.0872228e-02   5.7854572e-02   1.6845961e-01   4.2227794e-02   2.5234288e-02  -6.4771296e-02
  -6.2169456e-02   8.4285337e-02  -2.9875161e-01  -1.2262383e-02   1.4799716e-01   2.9879478e-01   8.1289218e-02   1.0644145e-01  -5.6188420e-02  -9.5911467e-02  -3.2752169e-01   1.7619187e-01  -1.2938936e-02  -3.2223744e-01  -5.3750431e-02   1.2020117e-03  -4.9721561e-03   2.3349510e-01  -5.7235144e-02  -3.9019732e-01  -2.3080042e-02  -7.4894001e-02   1.0363595e-01   3.5623512e-01
  -1.5866121e-03   5.5731524e-03  -3.0481657e-03   4.2110487e-04   3.5837630e-03  -4.1360341e-03   6.6234579e-03  -1.2797421e-02  -8.9639102e-03  -1.4805710e-02  -7.1273091e-03   1.0850635e-02  -1.0914082e-03  -6.2588984e-03   1.1872610e-03   9.5216174e-03   6.5455544e-03   8.0563407e-03   8.0063836e-05   3.9759413e-03   2.1890198e-04   1.0746545e-02   4.7745960e-03  -1.3929258e-03
  -1.7377035e-01  -1.2823921e-02   2.5912163e-01  -1.1936535e-01  -6.9759807e-02  -4.1610644e-02   1.2495048e-01   1.6761105e-01  -1.8741038e-01   2.1364896e-01   3.2671604e-01   4.5351040e-02   3.4018402e-01  -2.0226701e-01   2.3378242e-02  -2.9524294e-01   7.5892712e-02   1.6114173e-01  -5.2350738e-02   4.5834715e-02   4.9704779e-01  -2.4985520e-01  -4.1346853e-02  -5.3786244e-02
  -4.0852834e-02  -2.9055584e-02  -1.1399240e-02  -2.2090997e-02  -4.6272757e-02  -9.5376776e-02   1.3538036e-01  -4.3941136e-02  -1.1881509e-01  -6.9076572e-02  -8.2405640e-02  -4.8012063e-02  -2.4439835e-02  -7.7648868e-04   3.5711153e-02  -1.3604372e-04   2.5972735e-02   6.5646610e-02  -1.9611752e-02  -5.1346825e-03   1.3099047e-01   7.4653751e-02   3.5950173e-04   3.6857435e-02
  -4.4420709e-02   1.6824475e-01  -2.7738639e-01   1.9670107e-02   1.3941515e-01   1.6001078e-01  -2.6631877e-01  -8.2206676e-02   9.5327818e-02  -3.1283181e-01   5.1451086e-01   5.7785809e-01   2.7501416e-01  -2.6877498e-01  -1.8624558e-01  -1.1406968e-01   1.0325968e-01  -4.1320788e-02  -5.0562879e-02   1.7165247e-01   7.2562582e-02  -2.9409461e-02   8.7473919e-02  -2.3013507e-01
  -1.6213169e-02  -1.6257875e-02   6.0161233e-03  -1.2108012e-02  -2.7527479e-02  -5.4116860e-02   8.0585538e-02  -2.6602458e-02  -6.5133357e-02  -2.6519911e-02  -5.3618347e-02  -5.9620641e-02   1.0181258e-03   1.5236460e-02   1.2086203e-02  -1.3683531e-02   6.9324161e-03   1.5288723e-02  -4.7396254e-02  -2.9520510e-02   6.7457450e-02   2.2815808e-02  -8.2224924e-04  -9.6558938e-03
