   1.4376428e-01
  -4.3351631e-01
   4.4486924e-02
  -4.2441177e-01
   8.0145622e-01
   1.5576527e-01
   2.6332121e-02
  -7.6767609e-02
  -1.6131061e-01
   3.7065634e-01
  -4.4993969e-03
  -3.3727191e-01
   4.3028096e-02
  -3.1706128e-01
  -5.7383899e-02
  -1.8338070e-01
  -4.8805247e-02
  -2.2069598e-01
  -6.4580303e-02
  -1.0976167e-01
  -9.4475921e-02
   5.4652264e-01
  -3.0962692e-01
   4.0178284e-01
  -3.9988539e-01
  -6.4053444e-02
   8.6595349e-01
   6.0746303e-02
  -3.7077619e-01
   7.8866819e-02
