  -5.6782734e-01  -1.2463090e+00  -4.5139991e-01  -5.3172848e-01   2.1902600e-01   1.1269922e+00  -1.9932072e+00   3.2570207e-01  -3.6914414e-01
   6.9429268e-01   8.0877985e-01  -3.5869987e-01  -2.8682352e-02  -7.8601507e-01  -9.1203131e-02  -6.6061180e-01   3.6262853e-01  -8.1041552e-01
  -3.9864830e-01  -1.9891032e-01  -1.1260357e-01   5.0388991e-02   1.5343473e-02  -2.3310509e-02  -8.0331346e-03   8.8436084e-02   2.0324585e-01
   3.6646168e-01  -1.2942884e-01  -3.3771297e-01   1.2206592e-01   3.1967675e-02   9.8659632e-01   4.6102849e-01   3.0860591e-01   7.8632201e-02
  -1.3551183e-02  -1.0070676e-02  -1.0046216e+00  -4.7972612e-01  -1.4546598e-01  -2.7222786e-01   4.0406043e-02   1.5014110e-01  -3.9934791e-01
   4.5673959e-01  -3.6606143e-01   2.0306279e-03  -3.5494225e-01   4.1090166e-02  -2.9246347e-01   1.9583064e-02   1.6461562e-01   1.0651040e-01
  -5.4577809e-01   1.2100844e+00   4.5401633e-02   8.5635969e-01   6.0828483e-01   2.8261423e+00  -1.4238119e+00   5.8085324e-01  -1.4986779e-01
   1.8367217e+00   8.0209197e-02   4.8365425e-01   1.0132836e-02   1.7403154e+00   8.6484466e-02   9.6844045e-01   2.1891075e-01   5.9884813e-02
   1.2790891e-01  -5.6274075e-01  -2.6436721e-03   2.9003492e-01   1.7515042e-01   2.2937623e-01  -1.7848209e-01  -3.7573609e-02  -1.9394621e-01
  -1.8047551e+00  -2.7111101e-02   2.1595932e-01  -4.9977139e-01  -1.0604998e+00   1.4075478e-01  -1.0934170e+00  -1.0909999e+00   5.6506287e-01
   4.7675341e-01  -1.0904615e+00   1.1436518e+00   1.1718580e-01  -3.6928569e-01  -6.3700594e-01   1.0428314e+00   7.5688288e-01   3.1349439e-01
   2.3895089e-01   7.0048225e-01  -6.9537743e-01   3.8518745e-01  -3.0222211e-01   9.4069748e-01   5.4248325e-01   3.7270172e-01  -2.4728589e-01
  -2.4805293e-01   6.6456235e-01   2.7575916e-01  -1.0355094e+00   1.0345708e-01   5.4363698e-01   1.7537647e-01   7.9527889e-01  -7.9215837e-01
   3.6946697e-01  -2.9530492e-01  -1.0825936e-01  -3.2978210e-02   3.8511254e-01  -3.4358566e-01  -8.0416531e-02  -2.0368733e-02   9.4387320e-02
  -2.2304986e-01  -1.0569006e-01  -2.7912723e-01  -3.1758526e-01  -2.4020269e-01   6.8341859e-01  -7.0975846e-02   7.6935746e-02  -2.5868797e-01
   1.1740488e-01  -5.2906868e-01  -7.5902231e-01  -9.4700726e-01   5.6840569e-01   7.8599408e-01  -7.2744464e-01  -7.6479015e-01  -2.8011538e-02
  -2.4743807e-02  -6.7749405e-02  -1.4397379e-01  -9.3464110e-02   2.1140873e-01  -1.0216338e-01   5.3046341e-02  -1.7477546e-01   8.1004728e-02
  -4.3449523e-01   2.0970028e-01  -2.8723170e-01   7.9731339e-01   6.2082345e-01  -1.0906334e+00   3.9998386e-01   4.3812016e-01   8.2873566e-02
  -1.9860300e-01  -2.2184814e-01  -9.9535986e-02  -1.2033642e-01   9.7881615e-02  -1.5153594e-01  -1.2463818e-01   3.2502042e-01  -1.7315199e-01
   1.9337349e-01  -7.2854174e-02   8.2272382e-02   1.3641310e-01   1.9328892e-01  -1.8193620e-01   1.7233771e+00  -5.8880206e-01   2.1820070e-01
  -8.2279770e-01   1.3765786e+00  -3.0786913e-01  -4.8801357e-01   3.2380041e-01   1.2634140e+00  -3.3097218e-01   2.9017528e-01  -1.6925689e-01
   5.0517499e-01  -1.3100602e-01  -7.7341548e-02   1.1212203e-01  -4.8007101e-01   8.6200134e-02  -4.8908661e-01  -1.7806344e-01  -4.8629929e-01
   1.2089171e-01   8.3072944e-02   4.1419696e-01   3.3584506e-01  -9.4105304e-02   3.7000976e-01   2.0061474e-01   1.0647222e-01  -3.6628864e-01
  -7.6478403e-01  -4.2822299e-01   5.5670569e-01  -5.6613937e-01  -1.0487394e+00   2.3524283e-01   7.0656012e-02  -4.9799353e-01   4.1952246e-01
  -5.0993147e-01  -8.3784847e-01   2.7640479e-01  -8.7395803e-01   1.0314497e+00   8.1806186e-01  -4.7734746e-01   6.2841962e-01   3.1938598e-01
   5.8322912e-01  -9.1395512e-01  -1.1045970e+00  -5.1552544e-01  -2.6988250e-01   3.1328422e-01  -2.0024656e-01   6.3099020e-01   1.0212068e+00
