  -3.2997004e-03
   8.0244950e-03
  -3.3730023e-01
   1.8311638e-02
   2.4544755e-01
   1.5605700e-01
  -3.6423462e-02
   4.1464014e-02
   3.4661999e-02
   2.6655805e-02
   2.9430721e-02
   3.5205129e-02
  -1.4338210e-03
  -7.0822358e-02
  -2.4034048e-01
   4.9130130e-04
   3.7460003e-01
   4.6036985e-02
   1.0496415e-01
   1.0923786e-01
  -1.0429840e-01
   3.6326000e-02
   6.7516959e-02
   7.5973269e-02
  -2.6743404e-01
   1.1921634e-02
  -1.2615756e-02
   1.8604939e-01
  -2.0965712e-01
  -2.3501049e-01
