  -1.6573793e-01   1.8639760e-02  -5.6122689e-02  -2.1520163e-01   3.6966665e-02  -4.8733088e-01  -9.5695836e-02  -4.0098198e-01  -1.3373426e-01
   2.5633652e-02  -1.1819163e-01  -5.6060218e-01  -7.4937587e-01  -7.2953384e-01  -4.6042249e-01  -7.9290945e-03  -3.8987258e-01   3.1934903e-01
   4.4686890e-01   3.9244701e-01   7.4555274e-02   4.2531925e-02   1.1646099e+00  -5.5705775e-01   1.0901039e+00  -3.7921776e-01   5.2460729e-01
  -3.3157163e-01  -1.0148810e-01  -1.8171172e-01   1.6785440e-01   5.3735316e-02  -6.2376420e-01   1.0947151e-01  -1.9495633e-01   1.1561882e-02
  -1.1872578e-01   1.0472742e-01  -4.6846804e-02  -1.7403137e-01   6.6223167e-02  -3.4415867e-02   9.7584603e-02   5.2258803e-02  -3.9474816e-02
  -7.0071515e-01   7.6294024e-01   2.0597872e-02  -3.0543323e-01  -1.2412033e+00   1.0101739e-01  -1.0319546e+00   4.8639362e-01   1.3421289e-01
  -4.2797039e-02   1.5833293e-01  -6.8539295e-02   5.9425514e-02  -2.7053061e-02  -8.2820879e-02   2.2772983e-01   2.9016267e-02  -1.0575324e-01
   1.6754783e-01  -2.2256396e-02   5.4414970e-02  -5.4259285e-02   2.8650635e-02   1.9042399e-01  -1.5244486e-01   3.9629689e-02  -7.8953209e-02
  -5.6259494e-02  -8.8987723e-02   7.2015158e-02  -8.0575617e-02   1.1611884e-02   1.6429964e-01  -8.2117560e-02   2.0593675e-01  -2.4812934e-03
  -1.8495359e-01   2.5652969e-01   1.3563472e-01  -4.3592323e-02   2.3370739e-01   7.7459712e-02   3.5944167e-01   3.8519057e-01  -4.9156776e-02
   3.7333136e-01  -1.1248506e-01  -1.0744708e-01  -1.1588744e-01  -7.4382421e-02   7.8876592e-03  -2.4292901e-01   5.7147817e-02   1.0148105e-01
  -3.5293850e-01  -7.2702949e-01  -1.1990965e-01   7.0784758e-02   1.1664252e-01   1.5423625e+00  -1.4686069e+00   1.8893309e-01  -9.3525461e-01
   1.3394965e-01   1.4731779e-01  -1.7655098e-01  -1.2530676e-01  -8.9824860e-02   8.0255443e-02   5.1680050e-02   2.0040938e-01  -5.3420260e-02
  -4.8778607e-02  -4.3456565e-03  -4.6339613e-01  -3.6710342e-01  -7.6077686e-03  -1.5599426e-01  -1.5471118e-01   6.8380089e-02  -7.1517718e-02
   5.5158935e-01  -1.1214804e+00  -3.1878103e-01  -3.9784205e-01   2.3158417e-02  -3.6614673e-01   8.0112856e-01   1.1714179e-01   5.4868625e-01
   3.3118686e-01   1.2996926e-01  -4.1026458e-02   8.3263361e-03  -1.2076133e-01   2.7958604e-01   6.7406460e-02   7.8728791e-02  -6.3173188e-02
   2.6975523e-01   9.5135719e-03   2.9762507e-01  -6.0390384e-01  -4.0501233e-01   9.7018600e-02  -2.1654831e-01   2.9523852e-01   2.7643772e-01
  -2.0527747e-01  -6.0441490e-02   3.0386678e-02   1.3442423e-01  -8.9665334e-02  -1.0069933e-01  -2.8741850e-02   1.6683567e-02   4.4645470e-03
   1.5088873e-01  -2.5517084e-01   1.8510906e-01   1.5859336e-01   2.0393086e-02  -3.9658694e-01  -6.7901440e-02  -2.3955423e-01   6.1106492e-02
  -8.2518815e-01  -7.3813003e-02  -6.2649824e-05  -6.9186394e-01   9.8553660e-01   6.6764729e-02   1.1607984e+00   4.6992732e-01   1.0546958e+00
  -4.0751503e-01  -2.0189012e-01  -2.2508063e-01  -4.0115202e-01  -3.0563971e-01   2.3807838e-01  -4.5097649e-01  -1.9010443e-01   1.8162519e-01
  -2.0246313e-02   2.7757545e-01  -4.3612548e-01  -2.2520711e-01   4.9669600e-03   1.6790545e-01   3.0215347e-01   9.0420874e-02  -8.5834154e-02
   9.5138447e-02   1.9754454e-01   3.9095405e-01  -3.8764386e-02   2.9368746e-01   4.6749776e-02   1.0256489e-01   5.2390146e-02  -4.9236609e-02
  -3.9187687e-01   7.8785692e-02  -6.2858563e-02   2.9343433e-01  -2.5938975e-01  -1.5496432e-01   2.3999989e-01   1.0228187e-01   2.1230626e-02
  -4.8682912e-01   5.2481193e-01  -1.3365283e-01   6.7407284e-02   4.1600489e-01   2.6360535e-01   4.2846098e-01   3.4092856e-01  -4.8525891e-01
   1.9635001e-01  -1.3973570e-01  -1.7772745e-02   5.0729243e-02   2.1759767e-01  -7.2221327e-01   6.1066900e-02   1.9887603e-01   4.9773337e-02
   1.0539064e+00   2.8079987e-01   3.6614892e-01   3.3054413e-02  -6.9951553e-02  -1.2172902e+00   1.0525725e+00  -4.6407389e-01   4.0282740e-01
  -3.4158292e-01   7.4152319e-02   1.4010580e-01   1.2875936e-01  -9.3405285e-02   2.6921121e-01  -2.2607823e-02   3.9676955e-02  -1.0878260e-01
   8.7900545e-02  -1.2084355e-01   1.6816522e-01   2.5646130e-01  -7.6677294e-02  -1.1962070e-01  -3.5465300e-03  -2.6289880e-01  -6.4921465e-02
  -2.0555508e-01   1.1031933e-01  -1.2088436e-02  -5.3473164e-02   1.3460536e-01  -1.2888714e-02   4.2827496e-02   2.7632487e-02  -5.8775985e-02
  -1.7461401e-01  -6.2958742e-02   1.8080423e-01   1.3680689e-01   2.7037689e-02   2.1343280e-02  -4.1195295e-02  -6.1260928e-02   3.2594210e-02
  -1.5253191e-01  -1.9114454e-01   4.7870108e-03   1.3645378e-01  -6.5466423e-03  -1.9666177e-03  -2.3537661e-01  -3.7234764e-02   2.2114023e-02
  -9.9604980e-02  -1.0548016e-02   1.8471976e-01  -7.2320018e-02   1.8370798e-01  -3.2241635e-01  -1.7624331e-01   7.9701626e-04   4.0283873e-02
   3.7654446e-01   1.3612978e-02  -1.4578158e-01  -4.7122383e-02  -1.0689510e-01   3.0397765e-01   2.1810455e-01   6.9356767e-02  -1.9948120e-01
  -1.2357816e-01  -3.5817710e-01   1.0472945e-01  -1.4674500e-02  -3.1413263e-02  -1.6101773e-01  -8.5640361e-02  -2.4335071e-01   1.0099012e-01
  -1.4938887e-02  -4.0998174e-01  -5.9842933e-02   9.9395123e-02  -1.3256537e-01  -8.9372978e-02  -3.3196656e-02  -2.0785644e-01   7.6197036e-02
  -4.5716922e-01   2.1092017e-02  -4.4910476e-01   1.3119955e-02   1.1974766e-02  -6.0180491e-02  -1.8059116e-01   4.0660185e-01  -1.1159358e-02
   3.2462448e-01  -5.1040373e-02  -3.7302910e-01  -2.7441340e-01   2.5912160e-01   1.2791246e-01  -3.1047432e-02   5.4412308e-02   1.5478600e-02
  -2.1368192e-02   5.6165075e-02  -1.0249431e-02   1.9905053e-01  -1.8457138e-01   5.5322496e-02   2.1661595e-02  -1.9996485e-01   7.5160442e-02
  -5.0313203e-02  -1.2626552e-01  -6.9915398e-02  -3.7063539e-03  -4.0397300e-01   1.4788318e-01  -2.8601397e-01   2.1876571e-01  -2.9203264e-02
   2.4729216e-01  -1.5839739e-02  -3.7073127e-01  -6.3900988e-01   1.4829780e-01  -1.1675983e-01  -3.7134025e-02   1.0832725e-01  -2.1139230e-01
   1.4480059e-01  -1.1346494e-01   4.9349950e-02   8.1106781e-02  -1.6501161e-01  -6.6359264e-02   1.2280750e-01  -1.4956606e-01   1.1661843e-01
  -7.3720251e-02   1.5530718e-01  -2.0469417e-01  -2.2954879e-01   1.1308586e-01  -3.0289883e-03   1.3318604e-02   1.0992600e-01   7.8751322e-02
  -8.0345254e-02   7.2446834e-02  -1.3353422e-02   2.3005306e-01  -1.4029128e-01  -6.3785113e-02   2.7730090e-01   1.4863271e-01  -1.9231064e-01
