  -3.7346930e-05   1.3046404e-02   8.5473900e-03   1.0664565e-03  -5.2638739e-03   3.0398890e-03   1.3417396e-03   3.2074925e-03  -1.6124277e-03   4.2397797e-03  -5.3407580e-03  -9.6461265e-05  -6.1135830e-03   1.5221834e-03   4.9819891e-03   1.3022658e-03   7.0058823e-03  -5.6016858e-04  -4.0020142e-03  -5.6346044e-04   3.9842821e-03   1.1352514e-02  -4.5093372e-03  -2.9567350e-03   3.5491579e-04  -4.3898189e-03   8.4107002e-04  -3.3966035e-04  -1.0155594e-02  -5.9374602e-03   1.8549653e-03  -4.1630457e-03   6.9408901e-03  -3.0095453e-03
  -5.9181053e-02   2.5174351e-02  -3.4879270e-03  -3.4467652e-02   7.2728304e-02   5.4084699e-02   4.4531161e-02   4.9025021e-02   3.8007278e-02  -9.7996630e-02   2.3181713e-02  -6.5686987e-02  -5.2846572e-02   4.7662841e-03   1.0450216e-02   8.3343940e-02   1.0404145e-02   1.9673537e-02  -9.8657036e-02   1.8308716e-02  -1.1326965e-01   1.9556504e-02  -4.6240325e-02   2.8013678e-02   1.5646713e-01  -1.7519770e-02   8.8225979e-03  -7.2960010e-02  -2.2238926e-02   3.4364500e-02   1.1540888e-03   5.4698363e-02   2.9054386e-02   4.6076725e-02
   2.6644451e-01  -8.7606592e-02  -2.1683700e-01   2.8601703e-01   3.0437117e-01   7.7855847e-03   2.1611963e-02   9.1102838e-02   4.2224744e-01  -1.5765368e-01   2.0939296e-01  -1.8263138e-01   1.5096261e-01   8.0750142e-02   2.1905077e-01   2.6172860e-01  -5.7163579e-02  -2.6641858e-01   2.3992209e-01   1.6402050e-01  -3.0518345e-01  -3.8312335e-01  -1.9802043e-01   2.3786695e-01   2.6719037e-01  -4.0956596e-01  -3.3449660e-01   2.7047049e-01   3.0792700e-02   7.5008147e-02   4.2580613e-03  -1.7953638e-01   1.7034270e-01   1.3150493e-01
  -2.0324045e-02  -1.1224007e-01  -2.5201499e-02   8.8493926e-03   5.9852498e-02   8.1910870e-02  -1.6304323e-02   6.3622351e-02  -3.5446976e-02  -1.6377746e-02   8.5932514e-02   3.0431055e-02  -7.6584758e-03  -3.7370010e-03  -4.0029090e-02  -4.7552823e-02  -3.7664475e-02  -5.6875611e-02  -2.1724796e-02  -6.1086249e-02  -4.8328627e-03  -3.8824536e-02  -8.6314157e-02   4.0477382e-04  -9.1353352e-03   7.6664452e-02  -1.1440386e-02  -5.1392991e-02  -2.4090392e-02   9.2293970e-03   2.5385193e-03   6.3174337e-02  -3.5578915e-02   4.8583465e-03
  -3.0196586e-01  -2.6607468e-02  -1.5313026e-01  -2.3330010e-01   1.6434440e-01  -9.3221436e-02  -1.6431908e-01  -1.7522703e-01   1.3707374e-01  -3.2905661e-01   6.5439818e-02   1.9519939e-01  -1.1201079e-01   1.9625242e-01  -1.6544863e-02   2.4065380e-01  -5.1943772e-02  -2.6191728e-01   1.7057273e-01  -3.4839087e-01  -1.4974374e-01  -1.9997183e-01  -8.4169869e-02   4.6021659e-02  -3.5344898e-02  -6.0655448e-02   1.0684709e-01  -4.5491415e-02   2.4616672e-01  -2.2465437e-01  -2.8115826e-01   1.0584672e-01   1.2123687e-01  -3.8348687e-03
  -1.7158148e-01   4.6213474e-01  -2.1090986e-01  -8.2758972e-02  -4.1434021e-02   2.7243374e-02   2.3027509e-01  -1.8320473e-01   2.1222147e-01  -3.1047300e-01   1.7318804e-02  -1.1241469e-01  -4.4605034e-01   2.0717828e-01   1.8889210e-01   1.4309600e-02   2.0300257e-01   1.4671072e-01   2.0800147e-01   3.9462063e-01  -4.8082263e-01  -7.1475121e-02   1.8052005e-01  -4.8261452e-01   2.3913818e-01  -3.5300001e-01   2.4127607e-01   3.9800956e-02  -1.3398429e-01  -1.6237195e-01  -1.1109444e-01   6.5871601e-03  -4.6808629e-03  -2.8917351e-01
   1.5999929e-02  -2.0067854e-02  -7.4658872e-02   2.9399838e-02   1.6418556e-01   3.8197585e-03   8.8247941e-02   4.5364522e-02   1.2916952e-01   2.5141246e-02   5.2037005e-03  -7.8194341e-02  -1.2280494e-01   3.7864759e-02  -2.2925051e-02   4.1009079e-02   8.7545674e-02  -3.2753701e-02   6.8246696e-02   6.1587250e-02  -7.5732150e-02  -1.0009393e-01   5.1230810e-02  -1.1740900e-01   8.8304649e-02   1.4863283e-01  -2.9003683e-02   2.7805083e-02   1.4935293e-02  -1.2944772e-01  -2.7241092e-03   1.4846714e-02  -8.9931356e-03  -4.4669549e-02
  -5.2034758e-03  -2.3504452e-02   1.3008093e-01  -3.5035279e-02  -1.2424531e-01  -4.8562561e-02  -5.1538942e-02  -6.6653609e-02   1.3111944e-01  -5.4144620e-02   2.7536997e-02  -1.3284222e-01   1.7121083e-01   4.4507165e-02  -1.6284626e-02   3.4696539e-04  -8.4793849e-02  -1.8361445e-02   7.6839618e-02  -6.5679045e-02   6.1158009e-02  -3.6384637e-02  -3.3407851e-02   1.4186392e-01  -1.7859686e-02   1.2122636e-01   2.6237443e-03  -1.4255947e-02   1.9017924e-01   8.9159341e-02  -6.0059498e-02   2.4978272e-02  -7.0887848e-02   1.5419416e-01
  -3.1256833e-03  -6.4100872e-02  -5.5379583e-02  -1.0543254e-04   2.2114872e-02  -3.1377649e-02  -2.5090577e-02  -5.2995190e-02   3.3221396e-02  -3.5969123e-02   2.6402344e-02  -9.9963909e-03   8.9931760e-02   2.6344610e-03  -5.9496227e-03  -2.5886685e-03  -6.2646195e-02  -1.8599428e-02   3.9186790e-02  -2.7531354e-02  -3.3160278e-03  -5.3995154e-02   3.0269915e-03   6.2520492e-02   8.8533677e-03   5.4630806e-02  -7.2298613e-03  -1.1707066e-02   8.6548476e-02   8.2370544e-02  -2.7733112e-02   3.6366697e-02  -3.7254829e-02   5.3807053e-02
   2.4418504e-02   1.7194949e-02   3.5506893e-02  -1.1365749e-02  -1.0710964e-01   4.0996414e-02  -5.3361130e-02  -5.4190537e-02   2.7782024e-02   1.2536942e-02   6.2569845e-02   6.4963679e-02   2.1574690e-02   1.8790122e-03   3.9803086e-02   3.2740946e-02  -1.0194158e-01  -1.1791182e-02   5.0235203e-02   4.1792670e-02   4.9562292e-02   3.0710668e-02  -2.1037146e-03  -8.5022022e-03   5.3150290e-02  -6.8927323e-02   5.4328488e-03   4.1548123e-02   1.3467897e-02  -2.1665859e-02  -3.7258901e-03   4.2905847e-03   4.5432440e-02   5.2189268e-02
  -6.2945230e-03  -2.3522936e-02  -4.4529491e-02   1.8800956e-03   3.1242500e-02  -1.0153317e-02  -3.8849231e-03  -2.1471641e-02   1.1755892e-02  -2.6004362e-02   2.0886976e-02  -2.6423530e-03   2.4481813e-02  -1.1842616e-03   6.0437737e-03  -1.7512060e-03  -2.7179767e-02  -1.1715551e-02   2.6799260e-02  -5.7610551e-03  -1.9874856e-02  -5.1169856e-02   1.7419193e-02   2.7296898e-02   1.3752010e-02   3.6081918e-02  -3.9288828e-03  -4.8838702e-03   3.5583372e-02   6.2406571e-02  -1.5593286e-02   1.6877765e-02  -8.5795427e-03   1.4785726e-02
   1.6909966e-01  -1.0141186e-01   1.8424622e-01   1.3133464e-01  -1.9385848e-01  -6.9356235e-02  -9.6838165e-02  -1.0176966e-01   1.9021259e-01   9.1792670e-02   6.1247990e-03   1.1023641e-02   2.5997831e-01   2.4073852e-02   4.2965975e-01  -5.2824097e-02  -3.9952064e-02   2.8855206e-01   1.7076501e-01   1.3274043e-01  -1.6554322e-01   1.5081813e-01  -1.4667850e-01   2.3311348e-02  -2.3315069e-01  -3.8099836e-01   1.2564498e-01  -2.0502736e-02   3.4461658e-01   6.9766080e-03  -1.1170811e-01  -1.1489663e-01  -2.1070350e-01  -3.2469776e-01
   4.5789031e-03  -1.2946322e-01   1.2964906e-01  -8.9756155e-03  -5.5960473e-02   4.7506478e-02  -5.1787301e-02   2.6798774e-02  -2.1300312e-02  -1.9964411e-02   4.6670422e-02   2.2523526e-02   1.1110007e-01  -7.5135685e-03  -1.0817697e-01   4.7906181e-02  -1.0844315e-01   8.7986403e-03  -2.7392119e-02   7.2346437e-02   9.5736823e-02   5.7717188e-02   1.0223012e-02  -2.5560020e-02  -1.2509312e-02   2.3611258e-02  -3.1152479e-02  -7.9816396e-03   2.5422852e-02  -1.8664820e-01   1.3334917e-02   2.5786565e-02  -8.9184408e-02   1.2882210e-01
  -1.0379731e-01  -2.3736303e-01   2.1522591e-01  -1.1776515e-01  -4.6164903e-01  -7.7736918e-02   2.4505283e-01   9.2031785e-02  -4.1289315e-01   4.1344809e-01  -1.3277964e-01   4.7981213e-01   5.3299240e-01  -2.0032082e-01  -6.0178584e-01  -2.3724076e-01   2.1043921e-01   9.4272234e-02  -3.4144916e-02   1.7702711e-01   3.8831887e-01  -6.4259416e-02   5.2823858e-01   8.5516008e-02  -3.5781303e-01  -6.9172715e-02   1.6918318e-01  -1.4064965e-01  -3.6498755e-01   1.4476363e-01   3.3603184e-02  -8.4277519e-02  -3.0427254e-01  -1.9710195e-01
   2.0058493e-01   1.7688744e-02  -2.4618758e-01   7.5810791e-02   5.3231425e-01  -2.2672935e-01  -5.2110246e-02  -4.0497309e-01   8.5102927e-02   6.4957033e-02  -2.2232487e-01   1.4319118e-01  -9.1265508e-02   1.1778339e-01   4.6433441e-01  -1.9863672e-01  -2.6002865e-01  -4.9427273e-01   2.6107765e-01  -1.0301272e+00   7.4782269e-02   9.7901575e-02  -1.9010982e-01   4.0148263e-01   2.0318925e-01   3.6916657e-01   2.2396528e-02   6.3199828e-02   3.8995125e-01   6.7088809e-01  -2.0836565e-01   2.0845642e-01  -2.3591484e-01   2.6029940e-01
  -1.2574367e-02  -1.4727404e-02  -5.4899423e-02   3.3706682e-02   1.4076060e-02  -4.8993093e-02  -2.2037381e-02   1.1953143e-01   8.9880245e-02  -9.4099140e-02   6.8925045e-02   5.7878358e-02   2.1982242e-02   8.1978555e-03   1.4413845e-02  -1.0042801e-01   6.9533725e-02  -1.1978185e-01   8.8857078e-02  -1.2590138e-01  -1.7966198e-01  -7.9164101e-02  -6.3811009e-02   5.8863960e-02  -7.2604267e-02   9.2335387e-02   4.9462332e-03  -1.1554077e-01   1.3051156e-01   1.2615162e-01  -5.5247191e-02  -8.0079643e-03  -6.5191659e-02  -5.0672065e-02
  -2.1651230e-01   7.7068129e-01  -2.1513653e-01  -3.0019352e-01   1.7374455e-01  -1.0676188e-01   2.0285536e-01  -3.5676122e-01   4.2598828e-01   7.3111555e-02  -3.9791104e-02  -8.4044630e-02  -5.3473196e-02   5.0264417e-02   1.9203176e-01  -2.6322528e-02  -8.1751544e-02  -1.0281467e-01   1.4008239e-01  -3.0284523e-02  -3.1233262e-01  -6.2362557e-02   6.8166059e-02  -2.5352003e-01   4.5946789e-01   1.7259689e-01   2.1386342e-01  -5.9382192e-02   4.0421699e-01   4.9026768e-01  -6.1162096e-02   3.7481930e-01   3.5887951e-01  -7.9911745e-02
  -2.1409375e-01  -4.3810970e-02  -9.6211512e-02  -3.8649498e-02   2.2809164e-01  -1.7710072e-03   1.3980647e-02  -2.0883892e-01  -1.8045373e-01   3.0484999e-01  -4.4410983e-02   1.0550467e-01  -1.2368242e-01  -5.5846230e-02  -1.7862434e-02  -1.9051927e-01  -1.1654359e-01  -6.2522884e-01   2.5460916e-01  -4.9542105e-01   6.0693599e-01  -7.6936893e-02   2.9455571e-01  -3.9154380e-02   7.7457650e-02   5.5931178e-01   2.6382019e-02  -1.0792831e-01  -3.1667082e-01   5.0633947e-01  -1.0050246e-01   8.5314729e-02  -3.3805041e-02   9.2450854e-02
  -4.5352964e-02   2.5265055e-01   4.4343488e-01  -1.8874581e-01   3.1787576e-01  -1.0451276e-01   2.5019773e-01   9.5267510e-02  -2.4699580e-01  -1.1022617e-01  -1.5051092e-01  -5.5096541e-01  -3.4164390e-01   2.5393454e-02  -3.9257136e-01   2.9479572e-01  -2.8760818e-01   2.5436250e-02  -1.0991320e-01  -2.8968079e-01   4.6729333e-01   1.5288640e-01  -2.8906663e-02   4.8905632e-02   1.6846476e-01   2.5249870e-01  -2.0593041e-01  -3.3733476e-01   3.2056783e-01   3.4207504e-02   1.8867445e-02  -2.6944779e-02   1.6517100e-01   1.7351258e-01
  -1.4658146e-01   1.9445239e-01   2.2785417e-01  -1.4055447e-01   5.9080605e-02  -8.7017271e-03   4.4190768e-02  -1.4351247e-01  -5.0391018e-02   1.7876732e-01  -9.4949047e-02   1.0915679e-01  -2.1496768e-01  -1.0819107e-02  -1.7743397e-02  -4.1404269e-02   8.5342518e-02   4.2467344e-03   4.6425343e-02  -5.8413015e-02   1.1339976e-01   8.6501843e-03   1.0955588e-01  -1.0376130e-01  -1.1293903e-01   3.9884283e-02   1.6049096e-01  -6.2269809e-02  -9.0427931e-02  -1.3480979e-01  -4.2972044e-02   4.8103189e-02   1.7453217e-01  -1.3716167e-01
   2.4515468e-01  -3.5003466e-01  -5.4998616e-02   3.2229783e-01   1.1292148e-01   1.7939485e-01  -1.4982230e-01   1.9063162e-01  -1.7806956e-01  -1.5062650e-01   2.3147563e-01   1.7922174e-01   2.8022995e-01   9.0132730e-02  -3.4847748e-02   2.0357090e-01  -2.9815614e-01  -2.1847811e-01  -3.5652327e-02   2.0875304e-02   1.6991766e-01  -7.8896324e-02  -5.5194547e-01  -1.3892950e-01  -1.0943544e-01  -1.0038427e-01  -3.8865413e-01  -3.1284038e-02  -2.9374408e-02   2.4087213e-02   1.0972354e-01  -2.8452511e-01   8.8481120e-02   1.1475007e-01
   1.3280401e-01  -1.4268705e-01   1.0508190e-01   1.3032526e-01   2.5486580e-01  -1.3003135e-01   2.6327255e-01  -1.1058979e-01   4.3594407e-02   1.0514415e-01  -1.8433088e-01  -1.0373027e-01   4.7893669e-01   9.7432007e-02  -1.5673151e-01   1.8594045e-02   1.3194141e-01   7.3313939e-03   1.8554140e-01  -3.1459586e-01   8.8456176e-02  -1.3589908e-01  -6.7768091e-02   2.1689382e-02  -1.4343813e-01   5.5766311e-02   5.9001886e-02  -1.2396396e-01   8.5836029e-02   1.5976143e-01  -2.7910861e-02  -1.6778088e-01  -2.7526798e-02  -9.3114623e-02
  -8.2161374e-02   7.1948200e-02   2.0305789e-01   1.4188046e-03  -5.2731021e-02   5.7402089e-03  -2.6887438e-02   8.2536885e-03  -1.3419991e-01  -1.1776172e-01   9.8591861e-02   1.4924513e-01  -1.0024244e-01  -1.3600003e-02  -1.2822266e-01  -8.0031134e-02   1.2571290e-01   3.3158755e-02   2.3019809e-02   2.1587771e-01  -1.2676802e-01  -1.7216682e-01   1.8205014e-01  -3.3336298e-02  -4.8062894e-02  -1.8973118e-01   4.1483396e-02   5.8228030e-02  -5.8725575e-02   7.4664101e-02   4.7262461e-03  -1.0198415e-01  -3.1427384e-02   6.8690370e-02
   4.9243411e-02  -4.4493209e-02   3.5151366e-01   1.5073642e-01  -9.5740396e-02   4.7563316e-02   1.1888273e-01  -4.6002222e-02  -4.5011526e-02  -3.4215609e-02   8.1089081e-03  -2.5755503e-02   1.4034087e-01   6.2101270e-02  -1.8755462e-01  -9.5570241e-03   6.6984341e-02   2.6711801e-01   6.1534523e-02   1.5859075e-01   1.8392251e-02  -1.2514200e-01  -9.1298355e-03  -6.1645669e-02  -2.3276584e-01  -3.9262906e-02   1.9476544e-02  -2.7929968e-02  -1.2166349e-01  -2.2494804e-01   1.7804247e-02  -2.1835696e-01   2.9249491e-02   8.6227572e-02
   1.5127300e-01   9.3864708e-02  -1.1384787e-02   1.4384601e-01  -2.1124080e-01  -1.0472926e-01  -1.9854007e-02   4.3649230e-01  -1.7145725e-01   2.7195109e-02  -1.9729442e-01  -3.3201652e-01  -1.9066581e-01  -1.2552979e-01   3.8952559e-02  -2.7435280e-01   3.5867365e-01   2.3444939e-01  -1.8089165e-01   2.4744319e-01   1.3006922e-02   5.6319419e-02   1.8067864e-01  -5.5132547e-02  -4.7212369e-02   1.7700550e-01   1.2925739e-01   1.8634567e-01  -1.7878310e-01   3.6410893e-01   2.2286062e-01  -2.3207616e-01  -3.1041708e-01  -2.3163623e-01
   1.1649724e-04  -5.3546119e-02  -3.3996096e-02   2.1007058e-03   1.8460136e-02  -4.2224360e-03  -1.2262740e-02  -1.1565343e-03   4.9499738e-03  -1.9558708e-02   2.4659392e-02  -6.7356956e-04   3.0350588e-02  -7.7984559e-03  -9.8661793e-03   1.6990013e-03  -2.6658879e-02  -2.5145634e-03  -6.6786063e-04   2.1782919e-04  -1.2451356e-02  -2.5959639e-02   7.8016988e-03   1.4995933e-02   7.0631289e-03   1.7046544e-02  -1.0111563e-02   4.2717861e-03   3.1471247e-02   1.8791722e-02  -1.1795796e-03   1.6354571e-02  -2.7359056e-02   2.7345355e-02
  -8.2364338e-06   3.0880171e-02   1.4310356e-02   2.1101449e-03  -1.7116111e-02   1.2788304e-02   2.7368645e-03   3.4282981e-03  -9.0259579e-03   1.1937117e-02  -1.7841234e-02   4.0313311e-04  -1.6601751e-02   6.7347367e-04   9.1678961e-03   5.6510719e-03   7.0062864e-03   1.8697113e-03  -1.2308981e-02   1.3528184e-02   1.9466962e-02   3.8163050e-02  -5.5609955e-03  -7.9395448e-03   1.1744975e-02  -5.2497118e-03  -8.5593167e-04   5.4547468e-04  -3.5128443e-02  -1.7780397e-02   7.0975773e-03  -8.4475706e-03   2.0215144e-02   2.7042161e-04
  -1.8114642e-01   7.1194452e-02  -1.0961841e-02  -1.3315273e-01   7.5813391e-03   6.0529344e-02  -6.3117410e-02  -1.0642007e-01   1.0552624e-01  -1.9659084e-01   1.1737617e-01  -2.3125664e-02  -1.8021164e-01   9.2816367e-02   5.3732765e-02   1.0351139e-01   7.0874293e-02  -4.0016908e-02   1.8989710e-02  -7.7222316e-02  -1.1697414e-01  -1.2236647e-01   6.9567315e-02  -1.2222779e-02   3.1554245e-02   8.6262261e-02   7.9729699e-02  -5.2292841e-02   9.6712319e-02  -9.6602589e-02  -1.5252235e-01   1.0177592e-01   1.3631154e-01  -9.8394249e-02
   7.1285049e-02  -1.1903786e-01  -5.4290599e-01   1.9907766e-02  -7.0008147e-02   8.3460647e-03  -1.3591606e-01   1.2681976e-01  -1.5258409e-01   2.0724116e-02   9.9146280e-02   2.8559277e-01  -2.5106841e-01  -1.1346354e-01   1.9682448e-02  -1.2716428e-01   9.4210827e-02  -2.1342402e-01   5.6031387e-03  -5.6246219e-02  -1.0146870e-01   1.0831665e-01   7.7789435e-02   1.9154337e-01  -4.3699356e-02  -3.0574547e-01  -5.9524482e-03   2.0497504e-01  -2.2294659e-01   1.3916925e-01   5.1253549e-02  -2.9216899e-02  -1.1751740e-01   4.5997860e-02
   1.9945158e-01  -3.5966469e-01  -3.2732422e-01   1.1060872e-01   3.0555271e-01  -1.4015180e-01   2.3741519e-02   7.6174774e-02  -1.6884087e-01   9.4621668e-02  -5.1138022e-02  -1.0316527e-01  -1.8724041e-01  -1.0727968e-01   1.0736309e-01   2.1207462e-02  -5.3162106e-02  -2.5159379e-01  -8.8707788e-02  -4.4804966e-01   2.3670416e-01   2.4049847e-01   5.5856988e-02   1.6037821e-01   2.6243834e-01   2.9637747e-01  -1.5168560e-01   1.2412473e-01   1.0416553e-01   3.4800956e-01   5.7445468e-02   8.1689863e-02  -1.0818098e-01   1.6751945e-01
