  -9.3760783e-02
  -3.8668729e-02
   1.8511831e-01
   2.2090457e-02
   1.2911415e-01
   1.0135921e-02
   1.8416452e-01
  -5.8983068e-02
   1.3878483e-01
   1.2318326e-01
   4.2408693e-02
  -5.6438677e-01
  -3.1339012e-01
  -1.0446091e-01
   5.1985076e-02
   1.7282744e-01
  -2.1271568e-02
   5.5524509e-02
   4.8773824e-02
   9.0322108e-01
   4.0103931e-02
  -6.2743574e-02
   2.1100908e-01
   4.4783208e-02
  -1.4419781e-02
   3.2323173e-01
   3.8593153e-03
  -5.3840580e-01
  -2.2694540e-01
   4.2161721e-01
   2.5521693e-01
  -1.2406037e-01
  -1.0375111e-01
  -3.3772331e-03
   6.1339064e-01
