  -3.8013350e-02
  -8.3670838e-02
  -6.0854268e-03
  -1.3815587e-01
   5.1468533e-02
  -4.2026342e-01
   1.8942740e-01
   1.8572862e-01
   2.4748347e-01
  -1.7939067e-02
  -4.4806290e-01
  -9.5210998e-02
   3.9481329e-01
   1.0827690e-01
   1.3667360e-01
  -1.4550110e-01
  -1.0433424e-02
   1.3840957e-02
   5.0082423e-03
   8.8829930e-04
   2.8925592e-01
  -1.0982726e-01
  -1.4947468e-01
   4.6589351e-02
  -2.8214678e-02
   6.2500460e-02
   1.4703476e-01
  -6.0417235e-02
