   1.0006515e-01   1.1553020e-01   4.0716978e-02   3.7208108e-03  -1.3858016e-01   5.3809242e-02   3.4052883e-02   1.6155692e-04   6.3832627e-03
   2.5340410e-01   1.7278173e-01  -6.3749528e-02   2.0524607e-02  -1.5995667e-01   1.2084652e-01   2.1182296e-02  -9.4480192e-02   5.4663823e-02
   2.2439795e-01   4.5857525e-01  -1.4354883e-01   9.7640308e-02   2.7029948e-01   3.8977260e-01  -1.0625204e-01  -9.8946972e-03  -1.3992047e-01
  -6.6930556e-01   9.7456086e-01   1.7066083e-01   6.0573567e-02  -5.6994318e-02   8.4331802e-01  -6.7909105e-01  -3.6345515e-01  -2.3805040e-01
   7.2987737e-04  -3.4649225e-02   1.3087526e-01   2.0454296e-02  -4.5466518e-02  -2.7287382e-02  -1.0303863e-04   8.4528404e-02   5.9091372e-02
   3.7633553e-01   5.4286492e-01   8.2600903e-01   4.6503940e-01   9.1530014e-01   2.8393585e-01   4.7515046e-02   2.2940881e-01  -7.9864099e-01
   3.1277589e-01  -9.5663699e-02   1.8467401e-01   2.1107839e-01  -1.6430808e-01  -8.6073548e-01   3.7145745e-01   2.6332252e-01   8.8985751e-02
  -4.9445067e-03  -1.2169663e-01   7.3763690e-02  -7.6589357e-02   1.0053512e-01  -1.8320101e-01  -2.4720776e-03   2.7941874e-01   5.6708385e-02
   7.0811023e-02   9.2163389e-02  -6.6302073e-02   5.3774573e-02  -1.0954571e-01   2.5322317e-02  -6.6844808e-02  -1.8910219e-02  -1.4661488e-02
   3.4229545e-01  -6.2168467e-02  -4.0675181e-02   6.4701580e-02   3.4949616e-02  -1.0950801e-01  -1.9953226e-01  -4.8331898e-02  -1.6182072e-01
   9.2574825e-02  -5.3752467e-02   1.5432977e-02   2.4354883e-02  -3.5649970e-01   6.6551258e-03  -2.1939735e-01  -1.2723709e-01   7.9612338e-02
  -1.0317805e-01   2.3011629e-01  -1.0669223e-01   1.1366364e-01  -7.4311897e-02   1.8019879e-02   2.5550664e-02   7.0339193e-02   4.7996667e-03
   2.1470461e-01   8.3937634e-02  -3.4053358e-01   1.8854633e-02  -9.4948971e-03   4.7701053e-02  -1.2985113e-02  -1.3549514e-02  -9.2925440e-03
  -4.7234074e-01  -2.2969258e-01   2.3155189e-01   6.9436958e-02   6.9143023e-01  -6.7982865e-01  -2.1964109e-01  -7.2593929e-01   7.0207670e-01
   4.6519566e-01   2.0275503e-01  -3.2464720e-01  -3.6113457e-01  -7.0807419e-02  -6.5899513e-01   1.2021490e+00  -5.0200245e-01  -3.7673892e-02
  -1.5559029e-01  -7.3879291e-02   3.5543449e-01  -9.0862508e-02   2.1672918e-01   1.1683647e-01   8.2692660e-02   7.5588285e-02  -6.3191680e-03
   1.7886873e-01  -3.1444686e-01   3.2706634e-01   2.0170531e-01  -3.3708529e-01  -1.3309490e+00   7.3143784e-01  -3.7509012e-02   1.0214119e-01
   8.7075300e-02  -1.0539193e-02  -2.4359924e-02  -3.8343535e-02  -3.5164994e-02  -7.3306793e-02   2.0037707e-02   5.8640056e-02   5.5457243e-02
   1.2016844e-01   1.5042367e+00  -3.1406544e-02  -3.9300899e-01   3.1171385e-01  -8.0306330e-01   2.0866267e+00   5.3593746e-01   4.4940457e-01
   1.3614009e-01   4.0505345e-04   5.8690267e-02   2.6161471e-02   2.0843257e-01   1.8570714e-02   1.2398311e-01  -2.1362886e-01   1.8506677e-02
   6.8256440e-02  -2.4356183e-02   2.2038218e-01   2.4964390e-02   2.9337838e-01  -2.4688193e-01   1.3047761e-01  -2.3076227e-02   3.0868412e-02
   2.1144647e-01   4.1655156e-01   1.8868498e-01  -1.6673659e-01   8.8051890e-02   1.5075279e-01   1.2732203e-01  -2.1903218e-01   3.0693310e-01
  -2.6115560e-01  -8.1494668e-01   2.2821683e-01  -5.8286536e-01  -5.3919628e-01  -4.3149997e-01   1.1809273e-02  -4.2092173e-01   5.5055296e-01
  -2.3978341e-01  -6.4869612e-03  -9.4091097e-02   6.1649515e-02   1.6569116e-01   2.9390884e-01   8.7364273e-02  -1.0619647e-01   1.8829883e-02
  -9.4872811e-02  -9.3385598e-02   1.2936216e-01  -3.1097986e-02   2.7306689e-01  -1.7386142e-01  -1.4653105e-01   9.7626069e-02  -3.2529896e-02
  -2.2812346e-01   3.4719043e-01   4.9789229e-01   1.8257646e-01   2.7152006e-01   9.8311872e-02   4.0769932e-01  -1.9047430e-01  -9.8788828e-02
  -5.3620288e-01  -9.5486826e-01  -4.0919231e-01   1.3420916e-01   4.9292951e-01   6.0688240e-01   7.7473422e-01   1.3534626e+00   6.8255297e-01
   5.9212890e-01  -1.8134884e-01   3.7098450e-01   2.8096314e-01   9.7161187e-02  -1.4018170e+00   8.1857494e-01  -2.1347324e-01   5.9427446e-01
   1.9338334e-01   1.7373283e-01   3.7454320e-02  -6.4478692e-02  -1.5519485e-01   1.6879615e-01   1.4238942e-01  -8.7170088e-02   1.2104743e-01
  -3.8012372e-02   2.3215563e-01   9.0393810e-02   2.1402582e-02  -5.8480867e-04  -7.5885665e-02   1.3258965e-01   9.2547236e-03  -6.0238069e-02
   1.2324641e-01   1.3477157e-01   8.8408911e-02  -7.7531956e-02   5.2117339e-01   2.3513920e-02   1.6266589e-01  -1.5944560e-01   2.5393681e-02
  -4.8256769e-01   4.3124867e-01   1.6223928e-01   4.3398774e-01   8.3150652e-02   1.5473205e-02   3.1259807e-02  -3.9516067e-02   2.1433496e-01
  -1.9882650e-01  -9.5075587e-02   2.3695268e-02   1.5054182e-01   6.2643834e-02   6.4990781e-02  -1.7709671e-03   4.5568106e-02  -3.0220764e-02
  -1.1891552e-01   3.5648603e-02   1.6197553e-01  -6.8098030e-02   9.0269013e-02   2.6883876e-01  -1.6727169e-01  -7.6287358e-02  -1.2422671e-01
   3.4041449e-02   8.5097467e-02  -2.8490782e-01  -7.6150608e-02  -1.4457067e-02  -3.3391606e-02   5.0593063e-02  -9.7954574e-02   1.4503002e-03
  -2.8351518e-01   5.7464625e-01  -2.7474982e-01  -3.0523132e-01  -1.2600775e+00   2.9119205e-01   4.5149037e-01   4.7312130e-01  -5.1748684e-01
  -4.3418937e-02  -4.6835780e-02  -2.1764303e-01  -2.5953983e-02  -3.8336349e-02  -1.0939324e-01  -4.8008172e-02  -3.9916823e-02  -3.3805808e-02
   6.5179412e-02   1.3940221e-01  -3.1167575e-01  -1.2830488e-01   1.4215267e-02   1.7700541e-01   1.1613377e-01  -2.0607333e-01   2.1736578e-03
   3.5299728e-02   4.8576041e-02   1.7425131e-01   1.8127496e-02  -1.8091934e-01  -6.1257300e-02  -4.5814699e-02   8.4428442e-03   4.4013292e-03
  -1.8266901e-01  -2.3069900e-02   1.9414287e-01   3.6782874e-02   1.4538086e-01  -2.9389401e-02  -5.2996716e-02  -1.0729559e-01  -1.4101216e-01
  -2.7971638e-02   2.1971372e-03  -2.0155250e-01   2.6070564e-02   1.0109843e-01   6.9468684e-02   2.6807440e-02  -4.2759324e-02  -3.2847223e-03
  -4.1311276e-02  -1.5652464e-01   1.8064514e-01   8.9126735e-03  -6.0296532e-02  -6.0348882e-02  -9.4992741e-02   4.5737001e-02   4.6161741e-04
   1.6644713e-01   5.3811979e-02   2.0007579e-01   5.4158854e-02  -1.6855003e-02   7.7530575e-02  -1.5915649e-02  -1.1206404e-01   7.0975348e-02
  -1.0787076e-01  -6.4150995e-02   2.4514814e-01   4.3631880e-02   3.7399116e-02  -8.9344178e-02  -1.1357194e-01   4.2640017e-02  -1.3979569e-02
   2.8573643e-02   4.9727886e-02  -1.4765097e-01  -1.3956361e-01   1.3672274e-01  -5.0572166e-02   6.9226150e-02   3.8676982e-02  -2.9145955e-02
  -1.5153334e-01   6.6319573e-02  -2.2363735e-01   1.5765258e-02   1.0451831e-02  -3.5176076e-03  -9.8149343e-03  -2.3170177e-01  -1.0352946e-01
   1.8448632e-01   2.4524838e-02  -5.3000970e-02   9.0634098e-02   1.5279141e-01   1.5386875e-02  -4.7569811e-02  -1.5236412e-01   3.6980871e-02
   1.8238842e-01   3.7296499e-03  -2.2551338e-01   4.7518277e-02  -1.6072707e-01  -1.7634022e-01  -3.6747937e-02  -5.5494558e-02   9.3817902e-02
  -3.3276289e-02  -1.3677001e-01   3.4101476e-01  -2.1247993e-01  -9.2684990e-02   1.9196568e-02   2.1787829e-01   1.1093773e-01   6.3955205e-02
  -6.8440647e-02   1.0167846e+00   5.1165892e-01  -1.9276276e-01   4.2892358e-01   7.2683443e-01  -3.1711032e-01   6.7563321e-01   5.4400852e-01
