  -7.9756871e-01
   6.5884721e-01
   4.7211513e-01
  -5.7417479e-01
   3.1259271e-01
   7.4611084e-03
   1.6117899e-01
  -2.9883978e-01
  -1.7939320e-01
  -1.7884633e-01
  -5.3499892e-02
   3.1879782e-01
  -5.4247171e-01
   2.0915775e-01
  -6.0279889e-01
   1.3049797e-01
  -3.9042917e-02
  -1.5878866e-01
   1.3141789e-01
   4.0086308e-01
  -2.9870560e-01
  -4.1242711e-01
   2.4228889e-01
  -6.2231852e-01
   2.6279369e-01
   1.0625365e-01
   2.7004761e-01
  -3.3133914e-01
   2.6382501e-01
   3.9046567e-01
  -1.9908215e-01
   2.8460759e-01
   4.4877748e-01
   2.5925111e-01
