   9.0268247e-02
  -5.7821515e-02
  -5.9827365e-02
  -7.5782440e-02
  -6.6348850e-02
   1.6324703e-01
  -1.7331785e-01
   6.2693887e-01
   1.0981239e+00
  -4.7069185e-01
   3.0359739e-01
  -2.6168679e-01
  -1.7050837e-01
  -5.2336515e-02
   6.6860533e-01
  -6.3369270e-01
   9.0288431e-04
   5.1813287e-01
   1.1315623e-01
  -2.4627050e-01
   2.3033194e-01
  -2.3539497e-01
   1.7824221e-02
  -2.0699664e-01
   7.3748220e-01
  -4.2352108e-01
  -2.5060585e-01
   7.4718905e-03
   2.7872020e-01
   9.1343785e-02
   4.4776828e-02
  -3.8624261e-01
  -1.6280189e-01
  -3.8146512e-01
   1.2620569e-01
  -2.7369687e-01
  -2.1301041e-02
   2.8481841e-01
   6.9123043e-01
   4.7002002e-02
  -8.4911405e-01
  -4.1804476e-01
  -5.6712443e-02
   3.5068680e-01
