   5.2223621e-01   1.4717911e-01  -1.6372566e-01  -1.5206469e-01  -1.1874706e-01   6.3480300e-02   5.5351417e-02   1.4754790e-01  -2.2611456e-01
  -6.8343329e-01   6.0436923e-01   1.0373938e-01  -2.4790316e-01   1.0963892e-01   2.7839429e-01   1.1186616e-02  -2.0720716e-02  -1.8326818e-02
  -2.8949976e-01   1.6689784e-01  -1.6421168e-01   2.4186208e-01  -7.2785870e-02  -7.5611623e-02   1.2490511e-01  -2.3505013e-02   1.6900882e-01
   3.2947246e-01   6.1765989e-01  -6.6853836e-02  -3.2237415e-01  -2.2432924e-02  -2.5234460e-01   2.3035095e-01   9.5921139e-02   1.6178658e-01
  -2.4413264e-01  -8.9348710e-01   3.7474630e-01   2.5392000e-01   7.0310979e-01  -3.9026434e-01  -4.4099595e-01  -5.1614846e-01   6.4080891e-01
  -1.7359305e-01  -1.6304281e-01  -2.0423438e-01   2.7551212e-01  -2.0529025e-01  -2.7194833e-01  -1.7583635e-01  -3.9433415e-01   1.2314768e-01
  -2.9217536e-02  -4.9370970e-01  -5.0944415e-01   3.3441933e-01   5.5666100e-01   3.7280919e-01   1.1152974e-02   4.4367543e-01   5.8004097e-02
  -4.3527680e-01   9.3453271e-02   3.5770346e-01   3.0634506e-01   4.0219585e-01   1.0730125e-01  -3.0981962e-03  -2.8128140e-01   2.4995802e-01
  -2.0852338e-01  -7.8515375e-03   1.2873724e-01   7.5833197e-02   2.1432451e-01  -2.4806378e-01   2.6136134e-01   4.1277554e-01   1.0072404e-01
   3.9119347e-01   3.3359226e-02   8.0252625e-02  -9.4424225e-02  -1.4422975e-01   6.0782015e-02   2.0302224e-02   7.0012884e-02  -4.0350197e-02
   2.2897662e-01   1.1810248e-01   1.2666088e-01  -3.1487891e-02   1.3564171e-01  -1.4679147e-01   9.4267615e-02  -3.0973016e-01   5.0140117e-01
   3.0106987e-01   1.3011772e-02   2.8665044e-01   7.5351851e-02   3.3786549e-03  -1.7277727e-01  -8.2018551e-02  -1.1651201e-01  -4.1935621e-02
   1.2139843e-01  -7.5784994e-02  -6.4565697e-01  -5.4951514e-01  -5.5872440e-01   8.8733024e-02  -5.1037657e-01  -1.9067258e-01   3.9605017e-01
   3.4705725e-02   4.1827533e-01   6.6983079e-03   2.1526084e-01  -4.7731773e-03   1.2608227e-01   2.0869239e-02   2.2631161e-01  -2.9158299e-01
   1.2361703e-02  -2.9880587e-01  -1.5151570e-01  -6.9697078e-02   2.2350369e-01  -2.5379796e-01   8.4538478e-02   2.7253025e-02   3.2913358e-02
   1.4607982e-02   1.2829302e-01   1.6431826e-01   1.7866718e-01  -2.5047913e-01  -1.1557876e-01  -1.3432077e-01  -3.0868589e-02  -1.9229596e-01
  -6.9203080e-01   1.6460909e-01  -1.8161672e-02   1.1786485e-01  -2.1309824e-01   2.8014233e+00  -1.2576178e+00   8.4531772e-01  -5.9026834e-01
  -4.3938115e-01   2.1724224e-01   3.9400153e-01  -9.2626655e-02  -6.1162274e-01   1.3497406e-01   8.9461437e-02   3.3144145e-01  -3.1202746e-02
   1.4558738e-01  -6.3425530e-02   8.7616152e-02  -3.2661744e-01  -4.0961483e-01  -3.3131639e-01  -7.5432076e-02  -7.8782312e-01   1.2819316e-01
   5.3565724e-02   7.9711591e-02  -6.0961077e-02  -1.4648746e-01   4.1782521e-01   3.8140772e-01  -8.2140468e-02  -2.7936515e-01   3.9382942e-01
  -1.2077409e+00   1.2301202e+00   7.8269588e-02  -4.3891048e-01  -8.0597201e-01   1.2812276e+00  -9.5315180e-01   2.6855846e-01  -4.4408581e-01
   4.7151253e-01   1.3230394e-01  -2.6015473e-01   1.2321099e-01  -1.6356673e-01  -8.1607940e-02   1.2262726e-02  -1.2005963e-01   3.8303061e-03
   2.3628145e-01  -1.7174911e-01   1.3644176e-01   1.1143545e-01   9.6615091e-02  -1.2544394e+00   1.9493976e-01   6.6954298e-01   7.2653376e-02
  -9.1554972e-02  -7.3063270e-02  -1.9791259e-01   2.9154111e-01  -2.0132341e-01   3.7472732e-01   1.5370367e-02   4.9973983e-01  -1.9765412e-01
  -4.3992649e-01  -3.1450087e-03  -2.3427922e-01  -1.0852666e-01   9.6816143e-02   6.8250869e-02   1.5746151e-01   1.2023829e-01  -5.3239464e-02
  -2.5607988e-03   4.4046011e-02  -1.6063463e-01   3.5350134e-01   1.7939387e-01   2.3496913e-01  -6.2529485e-02  -1.3627663e-02   3.2618503e-01
  -3.2155112e-01  -2.7880988e-01   2.0689808e-01  -3.7336189e-02   9.3317225e-02   3.2949447e-01  -2.6243633e-01   5.5922051e-02  -3.5939800e-01
