  -5.3149607e-01   6.0386367e-01   6.8348562e-01   2.3356536e-01  -3.5241951e-01   4.7693521e-01  -9.9838218e-01   1.4680428e-01  -1.7912114e-01
  -1.7375556e-01  -5.9568912e-01   2.6555361e-01   3.1365654e-01  -4.2893219e-01  -2.9881856e-01  -3.1688658e-01   9.1327597e-02   1.1970635e-01
   1.3869784e+00   3.7054299e-01  -2.2041394e-02  -2.6326751e-01  -5.8975554e-03   2.0183792e-01   3.2642522e-01  -7.9765597e-01   5.9081800e-01
  -5.6404412e-01  -6.5361150e-02  -9.2659154e-01  -4.1585972e-01  -1.3430437e+00   8.9313156e-02  -1.2051937e-01  -4.8897613e-01   5.0569624e-01
  -1.0123847e+00  -2.8635153e-01   1.1398015e+00  -3.4089173e-01  -4.3908679e-01  -5.9174570e-01  -9.4061662e-02  -1.4986319e+00   6.4937679e-01
  -3.2592688e-01   1.0232018e-01   2.1529884e-01   2.0770200e-01  -1.3900025e-01   2.0137242e-03   2.3243509e-02  -7.7083190e-02  -1.9878022e-01
  -3.2467397e-01  -3.0026434e-01  -7.1499107e-03   4.3989617e-01  -7.3657614e-02   1.7005871e+00  -1.1062711e+00  -1.1007595e+00  -1.1781321e-01
  -4.2010232e-02  -1.6460635e-01   1.5923635e-02   1.1508560e-01   3.6751036e-02  -2.5521723e-01  -5.6792393e-02   1.0233493e-02  -1.8533689e-02
  -2.4439415e-01   1.5743835e-01   2.0867460e-01  -1.1788388e-01   1.9948071e-02  -1.3578078e-01  -1.0373172e-01  -1.7856089e-01   5.2044016e-02
   3.7752136e-04  -7.4046666e-01  -6.3096586e-01   7.7835984e-01  -1.6769201e-01   3.0002000e-01   1.6336395e-01   1.1630014e+00  -1.4774677e-01
   1.6523771e-02  -5.7053034e-02   1.9940523e-01  -1.4428751e-01   1.8188380e-01   2.6272025e-02  -1.6029769e-01   2.3232532e-01   4.6196917e-02
  -4.4331411e-01  -2.8851540e-01   2.5386041e-01  -1.5102439e-01  -3.1563707e-01   1.2239747e+00  -6.9380553e-01  -4.7824357e-01   4.4147319e-02
   2.0304131e-01  -8.2576303e-02   1.8510918e-02  -5.2521403e-02  -1.6047833e-01   7.4718754e-02   7.1365544e-02   6.5386618e-02   6.0947944e-02
  -5.9029269e-01   3.0748131e-01   2.4235100e-01   8.2468854e-02  -1.0657244e-01  -4.6662823e-01  -3.8168926e-01  -8.1190041e-01   4.2565187e-01
   4.4215388e-01  -2.7123049e-02   3.4172901e-01  -4.1469067e-01   5.4995166e-02  -1.6126803e-01  -1.3312121e-01   2.0926651e-02   2.3713915e-01
   2.1790884e-01  -3.1481893e-01  -8.2748930e-02  -2.1358585e-01  -6.2615165e-01   1.4285852e-01   9.1980237e-02  -5.0697078e-01   2.2553097e-01
  -1.7252980e-01   7.6741790e-03   1.4408358e-01   7.1248562e-02   7.1102974e-02  -7.8189922e-02  -5.1316463e-02   6.0189321e-02   2.9024883e-02
   2.0453217e-02   9.7576966e-02  -2.8660172e-01  -6.1842471e-02   1.2200283e-01   6.5756208e-01   2.1422032e-01  -4.9244316e-01   4.2785887e-02
   8.6080693e-01  -8.6832521e-01   3.1531026e-02   9.2718704e-03  -2.7983974e-01  -1.3805090e+00   2.1757083e+00  -7.0144848e-01   6.1467012e-03
  -1.4337675e-02  -3.7548989e-01  -3.2208690e-01  -6.1799370e-01  -7.1030272e-01  -5.9575106e-01  -6.8646579e-01  -1.8414987e-01  -1.0779150e-01
  -1.4391567e-01  -3.8991379e-01  -1.5442730e-01  -2.5146581e-02   8.5028087e-02   2.2290944e-01  -1.2737016e-01   2.4737043e-02   7.8144338e-01
  -2.4537299e-01  -4.3903996e-02  -1.0312954e-02  -2.4915431e-02   2.1845271e-01  -9.3642641e-03  -6.0668181e-02   9.5391638e-02   5.7015345e-02
  -7.8448869e-02  -2.1151352e-02  -1.0115807e-01   3.0864728e-01   2.1529801e-02   6.6865363e-02  -2.4135022e-01   3.8864687e-01  -3.1058078e-01
   1.0597380e+00   9.1570218e-01   4.0227682e-01   1.5968588e-01   8.6886139e-01   5.2890979e-01   1.4031410e-01   5.8433725e-01   8.0469996e-02
  -3.1795237e-01   1.6025685e-01   2.4050811e-02  -3.3134983e-02   1.1710297e-01  -4.4512388e-02  -4.4257778e-02   7.5749734e-02  -2.9951504e-02
   2.4444667e-01  -1.5181410e-01  -2.0694701e-01   1.2063630e-01  -9.6731919e-02   3.8657310e-02  -7.1540548e-02  -1.8852774e-01   3.0539594e-02
  -2.1160221e-01  -4.5685910e-01  -1.1981459e+00   6.1654891e-01  -3.6954797e-01  -2.6789767e-01   4.0540826e-01   4.7700187e-03   9.8445241e-01
   5.1382955e-01   6.0995730e-01  -5.8497687e-01  -1.0543958e-01  -3.4536021e+00  -9.4237911e-01   2.5807630e-02  -1.7428266e-01   1.5743081e-02
   7.2988990e-01  -4.1495331e-01   4.2240066e-01  -1.7207255e-01  -1.1646661e-01  -1.3254554e+00  -2.7452108e-01   5.7357911e-01  -3.7172376e-02
   1.1077740e-01  -3.0996559e-01   3.6985734e-02   4.2839489e-03  -1.1809160e-01   2.5541237e-02   2.3444946e-01   1.8092140e-01   5.3697662e-02
  -7.2339335e-01   3.3728136e-01   3.3813401e-01  -5.5910954e-01  -7.0981740e-01  -2.3933800e-01   3.5352397e-01   5.3597435e-01  -2.6500277e-01
  -2.8195422e-01  -2.1919482e-01   7.1762257e-01   2.7877453e-01   3.7955634e-01   6.5671265e-01  -1.4693354e-01  -3.0392786e-01  -1.1199147e+00
   9.6863747e-02  -1.7801057e-01  -1.1911149e-01  -3.4823546e-01  -4.0805655e-02  -2.1059958e-01  -9.0640995e-02   1.4459885e-01   2.4847101e-02
  -3.9921631e-01  -2.8680840e-01   2.7281543e-01  -1.8638508e-01  -2.9871558e-01   1.3003295e-01  -3.1084347e-01   1.7898929e-01  -4.1730536e-02
  -1.3293220e-01   9.8297528e-02  -1.1847762e-01   5.0341954e-02   2.6641988e-01  -2.9286156e-01  -4.5408970e-01  -6.3162093e-01   3.3686320e-01
   2.9446219e-02   3.9510051e-01  -3.6187248e-02   3.7219598e-01  -1.4619952e-03   1.9335312e-02  -4.6812083e-01  -1.9371728e-01  -2.6194072e-01
   1.6493420e-01  -4.7850317e-01   1.6859473e-02   4.0762775e-02   3.7436617e-02  -5.1601371e-01   1.0964427e-01   4.9685917e-02  -1.3359408e-01
