   1.5010001e-01   1.7390326e-01   2.6745123e-01  -1.3331313e-01  -2.5088306e-01   1.2274832e-02  -1.3276061e-01  -3.7530483e-02   2.4107372e-01
   3.1991620e-01   1.0435907e-01  -1.7636323e-01   1.0850647e-01   2.9129963e-01  -4.8739326e-02  -4.3436747e-02  -1.3593682e-02   1.1508979e-01
  -6.3585050e-01  -5.5556633e-01  -4.0676366e-01  -6.7983845e-01   6.7783999e-01   5.6016215e-02   6.6777655e-01   3.3492838e-01   1.3377211e+00
  -1.3712236e-01  -1.0257391e-01  -9.9131135e-02  -8.8287049e-02   2.3976078e-01   1.0253476e-01   6.3193070e-02   3.1859480e-02  -3.4777703e-02
   1.6756401e-01   8.9535261e-02   2.7922451e-02  -6.3598383e-02  -1.2206194e-01   5.7213447e-02  -2.0064116e-01   2.0076829e-02   3.4472421e-02
  -1.7313384e-01   9.9883233e-02  -1.4959016e-01   1.3652354e-01  -2.7849328e-01   2.9105104e-01   7.6516002e-02  -1.6955931e-01   3.6671319e-02
   1.4137452e-01  -1.1230532e-01  -1.6499431e-02  -1.8056432e-01   1.2500810e-02  -1.4834257e-02  -3.9808580e-02  -2.8087181e-01   1.0515560e-01
   2.9463580e-01  -3.4611833e-02  -7.7952776e-02  -1.5644386e-01  -9.9129596e-02   7.0120900e-01   1.5436946e-01   2.5241551e-01  -4.1906948e-02
   2.5082605e-02   3.6840917e-01  -2.4514300e-02   8.7562139e-03   3.5867988e-01  -2.1021413e-01   1.1308161e-01   3.9675858e-01  -1.7799638e-01
   6.5096806e-02   3.7170211e-01  -4.2364254e-01   8.5764566e-01   5.3881411e-01   1.2979542e+00  -5.6882966e-02   2.6529027e-01   5.5282925e-02
   3.8437542e-03  -1.7646852e-01   8.7397773e-02  -7.0790210e-01   1.5787695e-01   1.0256205e-01   2.5176123e-01  -1.4165476e-01  -2.8506941e-01
   1.0968785e+00  -2.3331024e-01  -3.8946657e-01   4.3495960e-01   4.0071953e-01  -4.1788503e-01  -1.4869348e-01  -9.2449364e-01   8.6058617e-01
  -6.2108726e-01   1.9424604e-01   3.7884292e-01   2.0442152e-01  -9.8274351e-02  -8.6473129e-01  -1.7202580e-01  -3.5253706e-01   5.9634710e-01
  -7.8949604e-02   2.2855550e-01   3.3034472e-01  -4.8802113e-01  -3.6803932e-01   4.5974903e-01   2.3761259e-01   5.0513937e-02   4.9446298e-01
   1.5955129e-01   2.1347806e-02   3.7536904e-01   4.1711925e-03  -3.1056109e-02   6.0127556e-03  -2.3836295e-02  -2.2121411e-01  -8.8977403e-02
   3.8030811e-01   1.1664912e-01   3.2116865e-01  -6.3116746e-02  -3.1550824e-01   4.3047114e-02  -1.0465918e-01  -1.8115438e-01   1.9627759e-01
   3.3155365e-01  -3.9972963e-01   2.3249978e-01  -5.6187054e-01   4.7829159e-02  -1.1319312e-01  -2.2820531e-01  -3.0219333e-01   9.8853729e-02
  -9.0729678e-02   6.3401938e-02  -6.4580509e-02   1.3664506e-01   6.1202007e-02   3.6826317e-02   4.2212863e-02  -2.7229651e-02  -1.1332476e-02
   5.7233338e-02   8.4220143e-02   1.8352800e-01   9.3992069e-02  -1.2084051e-01  -2.2838219e-02  -8.7131088e-02   4.9039848e-02   1.6409221e-01
   9.5748456e-02  -2.2410178e-01   1.3984869e-01   9.1768440e-02  -3.1554717e-02   3.6844451e-02  -2.1876427e-01   8.4444943e-03  -1.7210576e-02
   2.3331278e-01  -1.4908787e-02  -5.2028643e-02  -5.4900578e-02  -5.9249307e-02  -2.8229650e-01   1.5815836e-01   1.0975761e-01  -7.0656973e-02
   1.1341677e-01  -1.6811532e-01   1.0669724e-01   7.4642755e-02  -1.7131355e-01   3.0947498e-02   1.3114748e-01  -9.2554903e-02  -8.4007642e-02
   4.2313450e-01  -2.2914052e-02  -2.9195253e-01  -3.1873316e-01   2.2305677e-01   5.4440633e-02  -6.0647880e-02  -1.2428658e-01  -1.4626747e-01
  -2.1178626e-02   7.0013515e-02  -3.7725635e-02  -1.3575914e-01  -7.1724886e-02  -2.1925140e-01   1.2824894e-01   1.5639957e-01   9.5498098e-02
   1.0182644e-01  -4.4814169e-02  -1.2501034e-03   5.7267036e-01   9.4555103e-02  -1.5462964e-01   4.3100510e-02  -2.4122584e-02  -2.3357488e-01
  -1.1270348e-01  -1.0766403e-02  -3.9219463e-01  -1.2946389e-01   2.8557344e-02  -2.6912084e-01   1.3236980e-02   3.5303924e-01   3.9766931e-02
   2.2292323e-01  -1.9008860e-01  -3.6228957e-02  -3.0301352e-01  -4.5007800e-03   9.2233963e-02   1.4573554e-01   5.0753094e-02  -3.9571416e-02
  -1.1329821e-01   1.3135300e-01  -5.8788624e-02   2.6111158e-02   1.6637208e-01  -1.1336774e-01  -1.4312568e-01   3.1952885e-02   2.7443674e-01
   2.0437244e-01  -3.9089246e-02  -3.6769665e-02   2.1339288e-01   1.8790646e-01  -7.1233488e-01  -4.7110671e-02  -2.1552255e-01  -4.5767487e-01
  -5.5070697e-01   4.9675106e-01  -7.3855732e-02  -2.4467525e-01   1.9649029e-01   3.2449209e-01   2.4953572e-01   4.2906818e-01  -4.8393959e-01
  -6.0128472e-03   1.6347409e-01  -2.9135548e-01  -2.2555022e-01  -6.5207358e-02   1.6467157e-01  -9.0991922e-02  -1.9268526e-01   3.4071903e-01
  -2.9804629e-01   1.0989132e+00   1.8298459e-01  -1.4334842e-01  -8.1005387e-02   4.7979532e-01   1.0992963e+00   2.3994357e-02  -3.3931905e-01
  -5.3586875e-02   5.7173712e-02   1.8326309e-01  -1.1315141e-01  -5.3659718e-02  -6.3159278e-02  -3.2518549e-02   5.4730729e-02   2.5416349e-01
  -4.5009802e-01  -4.7605097e-02  -2.3397976e-01   8.0106092e-02   3.4206304e-01  -1.2056507e-01   8.7642398e-02   3.5306494e-01   9.7926080e-01
   1.0447197e-01   3.2400145e-01  -2.3523163e-01   5.5376794e-03   1.1018896e-01   2.0654688e-01   7.7297375e-01  -2.3981760e-01  -1.4048185e-01
  -7.8048427e-02  -9.7904639e-02   1.7507509e-01   1.2805360e-02  -1.4138299e-01  -4.0238943e-01   3.6818411e-02   9.1711982e-02  -1.0551548e-01
   1.1773285e-01  -9.0206619e-02   1.0550568e-01   1.9070834e-01  -1.3222360e-01  -5.7950443e-02  -8.0129136e-02   4.5112902e-02   2.0609481e-01
  -6.7279285e-02  -2.9771861e-02  -1.0025732e-02  -1.9319924e-01   2.2783364e-02   2.0199437e-01   4.2499651e-02   7.1714985e-02   2.0610569e-01
   3.1971012e-02   2.0699620e-01   7.5443999e-03   1.2526117e-01   9.7658214e-02  -2.6797232e-01  -1.1708602e-01  -1.0196921e-01   1.7235465e-01
   1.6767773e-01   1.1646797e-01  -1.1891950e-01   4.3292562e-02  -3.9147583e-01   1.0843481e+00   1.5267465e-01  -2.6832362e-02  -3.2788645e-01
  -2.5408099e-01  -9.5310432e-03  -6.3818554e-02   2.3933448e-01   9.3919479e-02  -6.3273825e-02  -1.3384071e-01   4.9173858e-01   8.1992320e-01
   2.2534615e-01  -2.0139778e-01   2.1361289e-01   6.2701273e-02   1.9234486e-01  -2.9123800e-01   1.5571529e-01   5.9494777e-02  -1.8590354e-01
   1.0975695e-01  -4.9042294e-02  -7.6470161e-02  -2.8760171e-01   2.7977238e-01   1.5495795e-01   4.4383529e-04  -4.6810098e-02  -2.2310794e-01
   1.2378279e-02   5.9149847e-02   9.0002904e-02   1.2924294e-01  -1.0853883e-01  -1.4916342e-01  -3.4860105e-02  -9.0810598e-02   5.9062841e-02
