   1.0219410e-01
  -3.3320820e-02
  -6.3219374e-01
   1.3733758e-02
   1.3506510e-01
   3.3971677e-01
   3.8112845e-02
   4.7445890e-02
   7.2494001e-01
  -4.0423059e-01
   5.0952489e-02
  -7.4424204e-01
   6.2948267e-01
   4.2197683e-01
  -1.6117693e-01
  -3.2104141e-01
  -5.8895896e-01
  -3.9619036e-03
  -1.0542296e-01
  -1.1033273e-01
  -1.3629059e-01
   4.3282465e-01
  -2.1696444e-02
  -4.1729843e-02
   1.0954203e-01
   3.1028122e-01
  -3.5538965e-01
   2.8211770e-01
   1.0119708e+00
   9.0244920e-01
   4.9410648e-01
  -2.5102208e-01
   2.9202763e-02
  -8.3279330e-02
  -1.0104278e-01
  -2.2726591e-01
   4.7346154e-01
   3.2137593e-01
  -1.5494157e-01
  -1.5134481e-01
   1.4572086e-01
   5.5285741e-01
   1.9822816e-01
