   1.2332308e-02   4.8969787e-02  -6.0785945e-02  -5.8563444e-02  -6.3738784e-02  -7.8755995e-03  -6.0457042e-02   8.8184492e-03   3.8505357e-03   6.1122715e-02  -3.6485341e-02  -1.9029635e-02  -3.3440537e-03   1.6630671e-02  -2.0963665e-02   5.3236717e-02  -1.5637247e-02  -3.9319826e-02   1.0683521e-03   2.3657544e-02   7.5535632e-02   1.9924772e-02  -5.6625847e-02  -9.6260492e-03  -7.4582419e-04   2.3093964e-03  -3.1570658e-02  -7.5758234e-02  -2.3064665e-02   4.4931259e-02  -6.5468075e-02   4.7333819e-02   1.5916393e-02   9.7451924e-03   8.3527164e-03  -4.0797560e-02   3.2275090e-02
   2.0335218e-02   1.1835950e-02   4.3259509e-02  -1.1762754e-02  -4.3007470e-02  -1.8955805e-02   3.6903760e-02  -2.1533324e-03   5.9534476e-03   3.2577475e-02  -1.1635264e-02   2.2811666e-02   2.0202078e-02   6.9599564e-03   3.9574678e-02   5.8918554e-02  -2.5153263e-02   3.9546068e-02  -1.5758905e-02   1.7585522e-02   5.3430089e-02  -1.2847478e-02  -5.4209829e-02   4.9147587e-02  -1.6093811e-02   1.0325086e-02  -4.3349718e-02  -3.1251989e-02  -2.2121336e-02   4.0043803e-02  -1.3284877e-02   7.8347015e-02   4.7976657e-02  -2.2227686e-02   1.9810399e-02  -5.6945614e-02   4.5066990e-02
   9.6863087e-02   2.6736736e-01   6.9939034e-02   3.4092239e-01   4.0695239e-01  -3.7611523e-02   2.5169171e-02   1.0944759e-01   6.0527976e-02  -5.1471899e-02  -4.8893836e-03   7.6967211e-02   5.4091872e-02   1.7527828e-01   2.0776079e-02   2.6225783e-02   6.5553878e-02  -1.3595228e-01   1.7180989e-01   2.5314390e-01   2.1334218e-01   2.4439521e-02   2.8540862e-03  -1.3576233e-01  -4.2001421e-03  -5.3763287e-02  -2.6451011e-01  -1.2104226e-01   3.2517528e-02   6.9532977e-02   6.6206242e-01  -1.9637192e-01   1.7215420e-01   2.0928399e-01   1.5247207e-02  -1.1033380e-01   9.0385598e-02
  -1.0890006e-01   1.2980329e-01  -1.5552946e-01   2.1887751e-01   2.2778018e-01   1.0619484e-01  -2.1901111e-01   2.3298962e-02   6.1042857e-02  -2.3563394e-02  -5.9216356e-02  -3.9780512e-02  -3.1553184e-02   1.3048896e-01  -1.4098691e-01   3.1898750e-02   4.3767540e-02  -2.7111032e-02   3.1893249e-01  -1.3364172e-01   2.8610273e-01   9.4674819e-02  -8.3573751e-02  -1.4212904e-01   5.4007221e-02  -6.1425209e-02   1.1293701e-01   1.3707128e-01  -8.8107343e-02   9.4909207e-02   2.0593334e-01  -1.3332305e-01  -6.4868757e-02   1.1704275e-01  -7.8406109e-02  -1.6209040e-01   7.4980828e-03
   1.2784023e-02   2.5103499e-02  -2.8312375e-03  -1.7903360e-02  -2.6582633e-02  -6.1890998e-03   1.5753278e-03   3.9891559e-03   6.3892397e-03   2.4179666e-02  -1.3775246e-02   5.3189897e-03   5.2310893e-03   1.2374785e-02   2.9035903e-03   3.1534003e-02  -9.7725143e-03   9.5889558e-03  -7.7111619e-03   7.6282214e-04   3.7831508e-02   8.3756207e-04  -2.9779272e-02   2.4025754e-02  -8.0342939e-03   6.8466519e-03  -2.9565671e-02  -4.0020795e-02  -2.2580460e-02   2.3819651e-02  -2.3893324e-02   4.3564806e-02   1.5441807e-02  -4.0385561e-03   6.5289018e-03  -2.5853079e-02   2.5111776e-02
  -2.4262958e-03   6.6665504e-03  -1.3086790e-02  -3.7706221e-03  -4.7564888e-04   4.6510018e-03  -1.1520700e-02   1.7973005e-03   1.5295538e-03   1.0203978e-03  -3.3186947e-03  -6.1303284e-03  -2.7376717e-03   2.0926632e-03  -1.0189901e-02  -5.9862887e-03   3.0052106e-03  -9.1488538e-03   4.5958938e-03  -5.5187197e-03   3.1653734e-03   4.7204771e-03   2.8930759e-03  -6.9613447e-03   2.5939381e-03  -1.1451856e-03   1.3335020e-03  -8.3206549e-03  -2.5648098e-03  -1.3140071e-03  -5.3288555e-03  -4.2072737e-03  -7.3714048e-03   3.9176308e-03  -1.8052848e-03   4.7895931e-03  -2.0908596e-03
   6.2556517e-02  -8.3570989e-02  -6.8860586e-02  -5.2112953e-03   1.8353283e-01   1.1950314e-01  -5.5330543e-02  -2.6429471e-02  -2.4778676e-03  -9.3491225e-02   3.7044968e-02   7.2415278e-03  -3.1597228e-02  -6.5354203e-02  -1.7265782e-01  -1.9363791e-01   9.3717241e-02  -6.0132956e-03  -1.5219070e-01  -2.0159245e-01  -6.9199173e-02   2.8079494e-02   1.6393021e-01   6.5825666e-02   7.7778839e-02  -9.1074985e-02   4.3311425e-02  -1.3360736e-01  -1.6770704e-01  -7.6759885e-02   2.2664809e-01  -1.1444949e-01  -1.8946178e-01   7.9913883e-02  -7.9175749e-02   1.2416093e-01  -2.4538861e-01
   8.4209320e-02  -8.2330614e-02   1.3924651e-01   1.9145946e-01   1.2851811e-02  -3.2958859e-02  -3.8449802e-02   6.5453070e-03  -6.1169755e-02   7.1230212e-02   1.6558143e-02   4.3523174e-02   1.2146388e-03  -2.4962334e-02  -1.5688400e-02  -3.1684795e-02  -1.0237946e-02   3.1286733e-02  -4.0003538e-02   4.5005891e-02  -3.0199539e-02  -2.5940452e-02   3.6294698e-02  -6.7870823e-02  -2.0256510e-02   1.0956588e-01   2.9151404e-01   1.2271692e-01   3.9134331e-02  -7.1057903e-02  -1.2132832e-01  -1.8605751e-01  -1.7469144e-02  -1.7451410e-02   2.9127413e-02   8.8006470e-02  -7.8032177e-02
  -8.0486382e-03   2.1172683e-02   1.1962309e-01   6.2206658e-02  -2.2829846e-01  -1.5680925e-01   3.2201882e-02  -1.8184446e-02  -6.0120254e-02   1.0398259e-01  -3.6960537e-02   1.6230046e-02   5.6694957e-02  -7.7389581e-02   1.2458819e-01   1.5283170e-01  -1.1181034e-01   8.9471277e-02   4.6738313e-04   8.0272906e-02   1.1797699e-01  -1.9999584e-02  -1.3645357e-01   6.7532242e-02  -9.0922067e-02   9.5448577e-02  -8.4729343e-02   2.0548453e-02   3.0820754e-02   1.1268967e-01  -1.8708686e-01   1.6383310e-01   1.5909640e-01  -1.0168795e-01   2.7940519e-02  -1.5719630e-01   1.7766093e-01
   1.6164978e-02  -1.2483780e-01   8.5964022e-02  -3.1340466e-02  -4.5270272e-02  -1.3943194e-02  -3.3029248e-01  -7.4174501e-02   2.0468884e-01   1.6336320e-01  -5.0483717e-02  -1.2960843e-01   4.1570392e-02   1.6768359e-01   1.0047594e-02   3.9561807e-02   3.1068575e-02  -7.7332409e-02  -1.1646448e-01  -3.5308312e-01   3.1670755e-01   4.7988865e-02  -2.6941529e-01   1.8097319e-01   9.4223931e-02  -9.8142827e-02   1.0765581e-01   5.1801875e-03  -6.6965207e-01  -1.3925472e-02   4.0280221e-01  -1.1677666e-01  -1.0900453e-01  -6.3644871e-02   3.8454870e-02   2.7102931e-02  -2.7263643e-01
   1.6874463e-02  -1.5855058e-01   1.2382841e-01  -7.3717043e-01   2.3612911e-01  -2.7660381e-02   3.5897763e-02   1.7043023e-01   1.6454044e-01  -3.8734596e-01   8.1610556e-02  -1.4169584e-02  -2.0910460e-01   4.7542802e-01   1.3819429e-01  -1.1477693e-01   7.6059631e-02  -7.8698989e-02   3.0611748e-01   5.7431928e-01  -4.4566825e-01   6.4206596e-02   4.5851375e-02  -1.6570192e-01   1.1645867e-01  -1.1815697e-01   1.6471654e-01   1.9585767e-01   3.2130059e-01  -3.3075850e-01  -1.8414168e-01  -2.1684533e-01   1.5561193e-02  -1.7179734e-01   3.9672494e-01   2.4795827e-01   2.9947268e-01
  -9.5032732e-03  -3.4986265e-02   1.9701026e-02   2.1189669e-02   2.8462834e-02   1.0838255e-03   8.6417843e-03  -3.3419870e-03  -6.1578873e-03  -2.3368232e-02   2.0105771e-02   2.5912831e-03  -4.2672740e-03  -6.6834858e-03   1.0051186e-02  -2.6556151e-02   7.3584431e-03   5.1069878e-03   7.3742188e-04  -1.4543158e-04  -3.6547256e-02  -5.7197194e-03   2.3799050e-02  -1.2134347e-02   7.8144402e-03  -9.9372692e-03   2.6853638e-02   4.2503751e-02   2.1643017e-02  -2.4229378e-02   2.8112390e-02  -3.6387742e-02  -5.8915596e-03  -8.3198451e-04  -3.5071929e-03   2.1639201e-02  -2.1840702e-02
  -2.4059163e-02  -4.3772901e-02  -1.1255159e-03   3.2802586e-02   5.4593382e-02   8.9476238e-03  -2.7917491e-03  -2.6570805e-03  -1.0817552e-02  -4.8352088e-02   2.7871913e-02  -5.4994268e-03  -1.2787431e-02  -1.7927051e-02  -7.1163617e-03  -5.8727421e-02   2.0673970e-02  -1.7876932e-02   9.6614912e-03  -4.7972991e-03  -6.8042982e-02   1.8355940e-03   5.8108442e-02  -4.3072939e-02   1.6022882e-02  -1.5061432e-02   5.0250369e-02   7.0369463e-02   3.6495121e-02  -4.8437776e-02   4.2345400e-02  -8.1631306e-02  -2.8815574e-02   1.1939741e-02  -1.0471612e-02   5.2745406e-02  -4.9652059e-02
  -2.9491042e-01  -4.4539914e-01   3.7701259e-01  -1.7753677e-01  -4.2466105e-01   4.2205942e-02  -1.8864483e-01  -1.9950727e-01   1.5534146e-01  -7.8249588e-02   3.6553635e-02  -1.5149757e-01  -1.6566917e-02   5.6783230e-02   1.0933541e-01   9.4343109e-02  -4.1850160e-02  -3.4985807e-02  -1.9336783e-01   1.2112415e-01  -9.8726618e-03  -2.3219382e-02  -1.7111683e-01   1.3699368e-01   1.9555860e-01  -2.8758240e-01  -2.5865411e-01   3.4086809e-01  -3.1800676e-01  -7.3227016e-02   7.1213038e-02  -4.9951278e-01   2.1875695e-02   9.4749717e-02  -5.8589942e-02  -2.1153224e-01  -4.3984533e-01
  -5.7105869e-01  -1.2675493e-01   1.4526798e-02  -4.6796362e-01   6.0202769e-01   2.7932481e-01  -7.5591893e-01   9.6927211e-02   2.4907821e-01  -5.0436880e-01   7.4622030e-02  -5.8958686e-01  -2.7890425e-01   3.7378638e-01  -1.3931024e-01  -2.6068011e-01   2.5245159e-01  -3.8789482e-01   9.9747254e-01  -2.4715527e-01   1.7585109e-01   3.9960550e-01  -3.7161897e-02  -6.5647887e-01   4.2899857e-01  -3.1100024e-01   9.0237217e-01   3.7446460e-01   6.7621520e-01  -1.1268145e-01   4.2879711e-01  -4.4884241e-01  -1.3627363e-01   1.3477580e-02   6.7862644e-02  -1.8990040e-01   2.4359552e-02
   4.3979966e-02   1.1859168e-01   2.5985241e-01  -6.4841086e-02  -3.0104318e-01   6.4058800e-02  -4.4939725e-01  -2.3064832e-02   6.9294957e-02  -2.7077846e-01  -1.5476113e-01  -1.4480871e-01   4.4858869e-02  -1.4435754e-01  -2.0594500e-01  -1.1684398e-01   1.8114780e-02  -1.2426956e-02   5.1635316e-01  -1.7074723e-01  -3.3381511e-01   6.0506176e-03   6.3822515e-02  -3.2866726e-01   1.3781553e-02   9.0191583e-02  -8.8396906e-02  -7.6614350e-02  -1.5458561e-01   1.1780228e-01  -1.2689715e-01   2.4880337e-01  -5.0325189e-02  -1.4042110e-01  -2.6155880e-01   8.5153860e-03  -7.8783601e-02
  -3.8940738e-01   1.0919835e-01   4.3546827e-02   3.4240260e-01  -5.3628845e-01  -3.6078485e-01  -1.2094477e-03  -2.0062596e-02  -2.6494126e-01   3.8848514e-01  -2.5058225e-01  -3.0797235e-01   3.6326486e-02  -2.7647802e-01  -1.0893258e-01  -4.2283230e-02  -1.2340909e-01  -9.9863879e-02   4.1133322e-02  -4.7454806e-02  -1.8073025e-01   2.7155418e-02  -1.5371043e-01   6.0801940e-03  -1.0747346e-01   1.7401213e-01   5.9405055e-01  -2.7654714e-01  -3.1594238e-01   2.4692226e-01  -3.5837638e-01   7.4733985e-03   1.2289588e-02  -4.0423434e-01  -1.9240744e-01  -1.8234398e-01  -8.8420048e-02
   8.8636389e-02  -1.2365933e-01   3.2199267e-01   2.1619291e-01   1.2300423e-01  -1.2114529e-01   3.1457808e-01   7.3304147e-02  -9.3312370e-02   2.6520627e-01   2.7746090e-01   3.0757142e-01   5.7039452e-02  -2.0318297e-01   3.7182944e-01   1.5374906e-02   2.5428140e-02   8.2557572e-02  -1.0459827e+00   1.4965971e-01   7.8622031e-03  -1.1097185e-02  -2.7630252e-02   4.3973117e-01  -4.5609084e-02   8.8391331e-02   3.7211185e-01   5.4834037e-01  -2.5354830e-01   5.7952465e-02   1.4028552e-01   1.4124400e-01   1.1788898e-01   2.9732935e-01  -1.6238896e-02  -1.1736014e-01   2.9923457e-01
  -3.0764113e-03   2.5481135e-02  -3.9952428e-02   2.1027843e-03  -6.5401594e-02  -4.7012353e-02   2.1859125e-02   1.6535961e-03  -3.4486080e-02   3.8721376e-02  -1.9348421e-02   2.3169663e-03   1.4437193e-02  -9.7264930e-03   1.8685513e-02   4.7905409e-02  -1.4431205e-02   1.2342185e-02  -7.2201519e-02   1.5902739e-02   2.8323484e-02  -9.1429812e-03  -3.0908403e-02   5.0848786e-02  -2.8347511e-02   2.4092752e-02  -3.1895984e-02  -4.6307708e-02  -4.4985670e-02   4.9807200e-02  -4.1072406e-02   3.8949985e-02   2.1286115e-02  -1.4591118e-02  -9.5759713e-03  -5.9631833e-02   2.6674638e-02
  -9.7320447e-02   3.2250371e-01  -1.7542388e-01   5.6277139e-01  -2.6556319e-01   1.6168705e-01   3.4345832e-01   9.7592857e-02  -7.6503567e-02  -3.1529657e-01  -2.9771013e-02  -8.9949713e-02   1.1188427e-01  -2.6312383e-01   8.8616275e-02  -3.3592159e-01   6.1874342e-02  -4.9881417e-01   6.3836695e-01  -1.7648478e-02  -3.9880044e-01  -9.4982417e-02   2.6261207e-01  -1.1405553e-01  -3.1697330e-02  -3.1189949e-02  -1.2550345e-01  -3.8248600e-01   3.1656635e-01   2.6326192e-01   9.5295320e-02  -4.9412097e-01   1.8369413e-02  -1.2684196e-01  -5.4044031e-01  -1.6047333e-01   3.1575820e-01
   2.3935108e-01   3.7578420e-02  -1.4835759e-01   6.8822071e-02  -3.6615265e-02   6.4222562e-02   5.2854217e-02   3.9350958e-03   2.4553314e-02  -3.2801882e-02  -2.1468518e-01  -1.1499610e-01  -2.9263644e-02  -8.2089478e-02  -1.4577432e-01   1.3496067e-01  -1.0702637e-01   2.3082989e-01   2.3339333e-01   5.6503319e-02  -6.1208220e-01  -1.0456292e-01  -3.4474627e-02  -1.6839465e-01  -5.3845674e-02   1.1653051e-01  -1.9999707e-01   1.7358361e-01  -8.4221208e-02  -1.2110841e-03  -1.6577951e-01   4.5288985e-01  -8.0753141e-02  -1.5296164e-01  -1.4707462e-01   1.5100292e-01   5.2903945e-02
   8.7896098e-02   1.1437189e-01  -1.6043736e-01  -1.5909838e-01   6.5381585e-02   1.2421790e-01  -4.2038346e-02   1.7727750e-02  -6.7252285e-02  -1.3929127e-02  -8.7788660e-02   2.0136617e-02  -4.8404484e-02   3.6699563e-01  -1.6939237e-01   4.4201681e-02  -3.2430410e-02   6.1970780e-02  -4.0797446e-01   1.8734213e-02  -1.2927342e-01  -1.4392906e-01  -4.7398136e-02  -4.0597839e-01  -9.0217291e-02   1.1331850e-01   2.3187620e-01  -5.6498978e-01   2.4912835e-01  -1.4654306e-01  -1.0922136e-01  -1.9365411e-02  -2.7104231e-01  -1.0066446e-01   5.0197725e-02   4.0756785e-01  -2.1807432e-01
  -7.8324647e-03  -4.6020812e-02   3.8667080e-02   2.0900695e-02   3.5989452e-02  -7.4805243e-03   4.4248068e-02  -1.1985677e-02  -1.2660905e-02  -4.5487868e-02   2.3334834e-02   1.6623268e-02   4.6597896e-03  -3.3589326e-02   2.2332233e-02  -1.5079405e-02   6.3060238e-03   8.6607545e-03   9.3621210e-03   1.3618838e-02  -6.2244648e-02  -1.1570820e-02   2.5372293e-02  -9.6233789e-03   2.4995058e-06   3.1482728e-03   2.4136288e-02   7.0922518e-02   3.1354545e-02  -2.4319016e-02   4.2973835e-02  -4.1321452e-02  -2.9027372e-03  -8.9891201e-03   2.7957882e-03   2.1829564e-02  -2.4676141e-02
  -1.2963676e-01   2.1656412e-02   1.6500462e-01   3.8610628e-02   2.6921442e-01   6.7639307e-02  -1.6142907e-01   6.5348565e-02  -1.2430051e-02  -4.0334366e-03  -4.6145326e-02  -1.0710111e-01  -1.4613397e-01   1.4941785e-01  -1.8543331e-01  -8.8449493e-02   5.0665750e-02   2.4840728e-02   6.0225922e-01  -3.0527503e-01   1.2921797e-01   1.1638483e-01   8.5240177e-02  -3.7912662e-01   8.5240735e-02   2.0703142e-02   2.0418702e-01  -6.1880476e-01   3.3259670e-01  -1.2430260e-01   2.2747717e-02  -5.0504505e-02  -1.9265392e-01  -2.0923885e-01   4.6027444e-02   1.9049290e-01   1.9546011e-02
   1.2892695e-02   6.3647101e-02   1.6913905e-02  -3.3937551e-02  -7.3695052e-02  -1.8957821e-02  -8.0508077e-04   1.5487139e-02   1.1917868e-03   6.1872748e-02  -4.7239262e-02  -1.1720020e-02   1.3650704e-02  -5.1658690e-05   4.5284267e-03   9.9453658e-02  -2.5779671e-02   1.1311186e-02   2.5186394e-02   4.4331674e-02   6.4327067e-02   4.9522236e-03  -6.9817029e-02   2.6485237e-02  -2.8636917e-02   4.6704475e-02  -4.8958162e-02  -1.0651754e-02  -5.7334556e-03   5.4562806e-02  -8.3931389e-02   8.8367670e-02   4.6144396e-02  -3.0701309e-02   2.0486747e-02  -5.8587754e-02   7.6497615e-02
  -4.0807164e-02   4.4743909e-02  -1.8319882e-01  -1.1623089e-01   9.6897497e-02  -8.1186644e-02  -2.9724578e-01   3.0290035e-02   7.5057869e-02   1.1948089e-01  -6.4516751e-02  -1.1511252e-01  -4.1799399e-02   1.3846534e-01  -2.5122648e-02  -8.4050495e-02  -5.0517181e-02  -1.6657578e-01  -3.6024452e-01   1.7870991e-01   1.3102240e-01   1.1400886e-01   3.6528625e-02  -5.2098410e-02   6.4690136e-02  -1.1179902e-01  -2.0003810e-01   6.2458472e-01   1.0935432e-01  -3.2560328e-02   1.6910776e-01   4.2897103e-01   2.0453246e-01  -1.1766002e-01   1.0169448e-01   4.2329410e-02   9.8660006e-02
   3.3624869e-04   2.8915544e-02  -2.5616906e-02  -1.4009613e-02  -4.4459042e-03   8.4251733e-03  -1.6939341e-02   4.5218084e-03   8.0188783e-04   1.7136362e-03  -1.3700864e-02  -8.3435418e-03  -1.8315203e-03  -1.3151681e-02  -3.0150965e-02  -7.3588606e-03   1.0302094e-02  -2.7087998e-02   1.0416971e-02  -1.2700566e-02   1.5896707e-02   9.4573179e-03   6.6663163e-03  -1.0086719e-02  -1.1670365e-03   8.9332688e-03  -3.4597353e-03  -1.1896601e-02  -1.0285883e-02   1.9599847e-03  -1.4463023e-02  -8.7277521e-03  -2.4511166e-02   7.8146461e-03  -1.7537912e-03   1.6994392e-02  -2.9396944e-03
