   3.3837294e-02  -7.5389863e-01  -1.9679658e-02   2.4171890e-01   6.0227923e-02  -1.7955887e+00  -1.8741171e-02   1.3339871e+00   9.6040828e-02
  -1.9961395e-01  -1.7251062e-01  -2.4101976e-01  -2.9874672e-01  -8.2070246e-02  -8.4811656e-02  -3.1983322e-01  -1.6599060e-01   2.6808755e-01
  -5.5724290e-01  -5.4414331e-01   3.4193946e-01   2.5407640e-01   1.3814962e-01   1.0199696e-01   5.3617952e-01  -6.5767175e-01   1.8188900e-01
  -1.7740835e-01  -9.5640850e-01   4.6022686e-03  -2.4586130e-01   8.7035983e-01   5.2242782e-01   8.0317376e-01  -8.2157779e-01  -1.4121099e-01
   4.7532848e-02   3.5822750e-01   2.0108641e-01   2.5193400e-01  -1.9079808e-02   5.4262400e-02   3.1923332e-01  -8.8104363e-02  -1.9088952e-01
  -4.8262901e-01  -7.3172785e-02   4.2961220e-01  -5.3892277e-01  -1.5812651e-01   5.8451470e-03   3.4346717e-01  -1.2261398e-01  -9.4462798e-02
   1.0068164e+00   9.9401195e-01   7.7945072e-02   9.5465348e-02  -1.2234637e-01  -1.6128847e+00   1.4216125e+00   3.0751833e-01   5.2014965e-01
   6.4586119e-02   2.1075716e-01   9.2744145e-02   2.2358232e-02  -1.1989601e-01  -7.5022438e-02  -3.4614465e-01   3.7770660e-02  -1.6327926e-03
  -1.7942146e-01  -1.0448482e-01   5.4379593e-02  -9.0223589e-02  -2.2972998e-01  -4.8690287e-02   1.6773261e-01   2.8604532e-02  -1.9954387e-01
   7.7034616e-03  -3.7404849e-02   2.2003907e-02  -3.1731107e-02  -2.8428867e-02   2.9209853e-02  -6.5255562e-02   1.0904719e-02   1.7181650e-02
  -7.4812696e-02   5.2854344e-03  -5.5831253e-03  -8.5278977e-02  -8.0046547e-02  -9.8051419e-02   5.1570247e-02  -6.6403709e-02  -1.0571297e-01
  -1.0935062e+00   3.3174735e-01   4.4165403e-01  -1.3812236e-01  -1.4263521e+00  -3.6590018e-01  -1.1489691e-01   2.7621453e-01   5.5029488e-02
  -3.0264842e-01  -8.5988203e-02   1.2622445e-01  -2.5256498e-01   4.8471471e-02  -1.2515104e-01  -7.0613307e-03  -2.2071292e-02  -1.6650057e-03
  -2.0930057e-01   3.5632185e-02  -7.5109122e-02   3.3494255e-02  -1.6495569e-02  -1.1280967e-01   4.5923660e-02  -1.0887753e-01  -1.1572232e-01
   3.4594040e-02   9.3399781e-01  -8.1800124e-01   7.3069788e-01   6.6037415e-01   2.1287028e-01   1.3830337e-01   5.4888374e-02  -1.1377017e+00
  -1.4513433e-02   2.3268202e-02   1.2099526e-01  -3.1134513e-02   9.0175613e-02  -4.6649873e-02   3.4837070e-02   1.3243723e-01   1.6085827e-01
   5.5624982e-03   5.4255020e-01  -5.1829181e-02   2.8953432e-01  -2.0692202e-01  -1.9399275e-02   3.8669001e-01  -2.8110120e-01  -1.5018152e-01
  -1.9376836e-01   4.9364972e-03  -5.5351904e-02  -1.1101891e-02   5.3231190e-02  -1.7599081e-01   2.7016664e-02  -1.0259303e-01  -3.2784808e-02
   2.7662882e-01   9.6589002e-02  -9.1489789e-02   2.3601340e-01   4.4860915e-02   1.2413259e-01  -7.1643721e-02   1.1150012e-01   2.4508406e-02
   2.1739413e-01   1.9826165e-01  -6.9930250e-02   2.2618160e-01   2.2721454e-01   1.4386009e-01  -1.4143544e-01   5.3703878e-02   1.6945707e-01
  -1.4533879e-01   6.2178226e-01   1.4298747e-01   1.2554732e-01   5.5766047e-01   2.4067610e-01  -6.7760330e-01   2.6941556e-01  -2.7637825e-01
  -1.0905040e-01  -2.1709188e-02   9.6872845e-02  -1.2228665e-01   3.6129070e-02  -1.2163413e-01   1.0771367e-01   1.6241480e-01  -2.0807557e-02
   2.0251845e-01  -6.8612965e-01  -5.2134395e-01   1.1355463e+00  -8.1400201e-02   4.3809860e-01   7.7125626e-01  -2.0855218e-01  -2.1432179e-01
  -1.4636396e+00   1.9564317e-01  -4.2978039e-01   9.1141985e-01   8.2205980e-01  -9.1695221e-01   1.7773164e-01  -8.1155897e-01   3.0227273e-01
   1.0924759e+00  -2.7357312e-01   2.5576175e-01   3.6678798e-01  -6.0472461e-01  -6.8879530e-01  -2.5770189e-01   5.5406903e-01   1.4315365e-01
   1.2726010e-01   2.6503697e-02  -4.3221687e-02   1.0974831e-01   6.7565445e-03   9.1810941e-02  -5.6906032e-02   1.8202794e-03   4.6107989e-02
   7.6842733e-01  -1.4697557e-01  -5.8037926e-02   3.6291987e-01  -7.3426233e-02   6.5958028e-01  -6.9141258e-01   5.7353452e-02   7.6189137e-01
   1.4399046e-01   3.8355978e-02   9.3361257e-02  -5.6943003e-03   6.3989186e-02   1.0136421e-01  -5.5598035e-02   5.5146739e-02   1.3776694e-01
  -4.6694047e-01  -6.7899143e-02  -1.3341888e-01  -2.1268079e-02  -6.3090952e-02  -3.7680248e-01  -5.2297934e-02  -4.9074263e-01  -3.3663956e-01
  -5.5143474e-01  -9.6584872e-02   6.6160388e-02  -3.8200996e-01   4.9320717e-02  -1.9962119e-01  -2.8425691e-01  -2.9248925e-01   1.9995916e-01
   3.4154296e-02   1.7683837e-01  -1.8671218e-01  -1.8336607e-01  -4.6871165e-03  -4.4539548e-01  -3.0350444e-01   1.7182389e-01  -1.9757464e-01
   3.4001915e-02   3.5627138e-02  -4.0096400e-01  -4.7041131e-01   9.9650261e-01   8.1162745e-01  -6.4496799e-01   7.3526944e-01  -3.8898447e-01
  -1.5216183e-01  -1.4238311e-01  -2.3113270e-01  -2.6174456e-01  -2.4920426e-01  -1.3191545e-01  -1.9993862e-01  -3.1599921e-01   1.7676480e-01
  -2.3696667e-01   2.5647642e-01  -6.0984579e-01   5.4123786e-01   4.9379544e-01   1.3509920e+00   6.3276395e-01   1.2733042e+00   2.7873738e-02
  -2.7568849e-01  -1.3232796e-01   7.2438984e-02  -1.0523423e-01  -4.7045859e-01   4.7321604e-02   1.0641097e-01   1.3632811e-01   7.5919514e-02
   1.7672912e-02  -8.7587225e-02  -1.1002184e-01  -1.1530224e-01  -5.6250666e-02  -1.1477412e-01   2.7277007e-02   1.5488159e-01  -1.2858441e-01
  -4.3896847e-02  -2.3957762e-02   7.3992290e-02   3.3061906e-02   1.2712771e-01  -8.5666777e-02   9.6505300e-02   1.1611284e-01   4.6030056e-02
  -7.0609107e-02  -1.5393507e-02   3.5348530e-03  -1.9135705e-02  -7.4897779e-02   2.4999085e-02   1.3962339e-02   3.2814368e-02  -6.8883388e-02
   4.5447159e-01  -1.0507884e+00   1.0651372e-01  -2.4042551e-02   2.0246051e-01   5.9440715e-01  -2.0824784e-02   2.0752636e-01  -1.8637172e-01
   4.6780991e-01  -4.0074368e-02   3.6706321e-01   2.4661940e-01   1.4143758e+00   6.8451457e-01  -3.5957997e-03  -4.6238262e-02  -2.4249421e-01
  -6.4962369e-02  -8.3385538e-02  -6.9409404e-04  -1.0482539e-01  -3.5209748e-02   1.8191817e-02  -1.1129635e-01   1.0332396e-01   4.3103614e-02
  -1.1130230e-01  -1.2937601e-01  -3.5168830e-02  -1.3979493e-01  -1.8978986e-01  -8.3245443e-02   7.8878727e-02   1.4734520e-02  -1.4264600e-01
   1.1384859e-01  -7.0226081e-02   7.0422909e-04   3.4581926e-02  -5.8898465e-02   6.8591774e-02  -1.2807795e-01  -3.5271699e-02   6.5262343e-02
