  -1.0717875e-01   6.6436854e-02   1.3796714e-01   2.1496800e-01   2.3974698e-01   2.0150450e-01  -8.7551356e-02  -7.8271083e-02   8.4856147e-02
  -4.3573742e-01   2.9048194e-01   5.0096564e-01  -2.2496344e-01  -9.8348566e-01   2.3741399e-01  -1.4938173e-01  -2.6918763e-03  -3.8913746e-01
  -2.9654059e-02  -1.6276583e-01   2.1631369e-01   2.0108107e-01   3.9681290e-01  -1.3673294e-02   4.1384177e-01  -1.0584371e-01   4.0332937e-01
   9.7189732e-02  -2.0388782e-01   6.1122909e-03   2.2536030e-02   3.1562982e-02   3.5016371e-01  -1.3550707e-01  -2.8650624e-01  -1.3280525e-02
   7.1990754e-01   3.7839136e-01  -2.2984847e-01  -7.7785244e-02   2.0488729e-01   1.0202975e-01  -1.4263212e-01   2.9018786e-01   1.6819514e-01
  -4.6137862e-02   5.3070135e-01   1.2745258e-02  -8.1960976e-01   3.1769279e-01   5.2951408e-01   1.0395092e+00   2.4185107e-01  -5.6432273e-01
  -3.0217786e-01  -2.1037518e-01  -1.6786013e-01  -3.2605114e-01   6.4753321e-03   6.8007121e-01  -4.1351984e-01  -4.6241275e-01  -2.1496750e-01
   4.0168353e-02   2.5752904e-01  -1.2782885e-01   2.7486106e-01   9.6944582e-02  -3.1067660e-01   1.6081689e-01   4.0311796e-02   5.5891598e-01
  -2.5441169e-01  -1.8926349e-01   8.7186934e-02   1.6587337e-01  -1.3791622e-01  -5.6473075e-02  -6.6944572e-02  -1.3178113e-01  -1.6993906e-02
   3.6287353e-02   7.4381885e-03   2.6746979e-01   1.5364200e-01   2.2398235e-01   2.8127997e-02   2.5688690e-01  -5.2040870e-02   1.2876799e-02
   1.5586273e-01   9.9158947e-02  -9.3850367e-02   9.2118914e-02  -3.4574234e-01  -2.4097129e-02  -2.5483985e-01  -2.9496977e-02  -2.4307612e-01
   9.6466769e-02   3.2288344e-03  -9.5928617e-01   2.2446376e-01  -1.4817430e-01   1.3411599e-01  -1.0928453e+00   2.4991145e-01  -4.3641720e-01
   6.2150644e-01  -3.5262880e-01   3.6836934e-01   8.3323154e-01   3.2252086e-01  -1.9761002e-01   3.6758636e-01  -7.8742092e-01   1.3194954e-01
   1.1696309e-01   1.7703352e-01   1.7003426e-02   1.7407370e-01  -8.3382706e-02   3.4918471e-01  -1.5647957e-01   2.5818171e-01  -4.4011928e-01
   1.7005579e-01   1.5892425e-01  -1.2306605e-01  -3.0307943e-02  -3.9451742e-02   1.3809239e-01  -5.0043147e-03  -6.2222402e-02  -2.0922263e-01
   6.4823996e-02  -3.6613680e-01  -2.4231179e-01  -2.9175939e-01   7.3068021e-02   2.3444269e-01  -1.1030369e-01  -4.0339806e-02  -2.3367476e-01
   1.3280753e+00  -1.3787200e+00  -5.3857262e-02   5.0260166e-02  -6.0944010e-02  -3.6108226e-01  -2.7632266e-01   1.3998776e+00  -1.0077349e-01
  -3.5490855e-02   4.2347468e-01   5.4364965e-01   5.1885074e-02  -1.3684364e+00  -1.4776326e+00   4.8483491e-01   1.6928471e-01   3.0234011e-01
   2.6496527e-01  -2.3322011e-01   1.3699677e-01   2.5323770e-01  -1.3914086e-02  -2.5041054e-01   1.6947442e-01  -2.9373993e-01  -8.6107884e-02
  -6.3742556e-03  -1.3595181e-01  -9.2288937e-02  -3.0060517e-01  -6.9761017e-02  -1.7655097e-01   1.8989572e-01   1.6773834e-01   9.2835930e-02
  -2.3978917e-01  -3.0286243e-01  -2.0340771e-02   1.5592429e-01   1.0831923e-01  -6.2858504e-02  -7.1917763e-02  -1.0719301e-01   3.9574448e-02
   6.2195506e-02  -1.0142011e-01  -5.7064058e-01  -4.3511958e-01  -4.4117590e-01  -1.5853156e+00   6.9965109e-01  -1.1718686e-01   1.1011186e+00
   8.2779582e-01   4.3108724e-01  -6.6392808e-01   4.4559380e-01   2.0177912e-01   3.0355405e-01   2.2549634e-01   2.4582343e-01  -5.7526660e-01
   1.2542445e-01   1.3850037e-01   5.7487882e-01   1.9363542e-01  -3.5766921e-01   3.3369441e-01   3.6305977e-01   1.4779236e-01  -3.9056775e-01
   6.4460448e-01  -2.6226403e-01  -2.4174506e-01  -1.5968520e-01   5.6521927e-01  -2.0579453e-01  -4.9193965e-01  -1.4377171e-01  -2.7571847e-01
   3.9485970e-01  -8.7850849e-01  -3.5740761e-01  -1.5477544e-01   3.4611947e-01  -2.0422187e-01   1.4758643e-02   1.0172203e-02  -2.1730862e-01
  -2.0333682e-01  -1.2208199e-01  -1.4719196e-01  -8.9491075e-03  -1.9331631e-01   2.2494065e-01   1.4099809e-01   1.0376937e-01   2.1399549e-02
  -7.7316552e-02  -1.6253515e-02  -3.2347463e-02  -2.3205070e-01  -4.1268104e-01   2.2716250e-02   4.1430921e-01  -9.3995358e-03  -7.9429489e-02
   3.3328812e-01  -1.0246244e-01  -7.4572796e-01  -1.4093650e-02  -6.0364342e-01  -7.4348071e-01   4.9077165e-01  -2.3610276e-01   4.1568992e-01
  -2.2767825e-01   1.7680991e-01   7.5086589e-02  -7.4141717e-02   2.4202144e-01   6.4432880e-02   3.8570187e-01   1.4203491e-02  -8.7885770e-02
   5.8472261e-01  -4.4672520e-01  -4.8201275e-01   7.1246861e-03   8.5417209e-01  -2.6135300e-01   3.9637738e-01  -7.3966050e-02   3.1187630e-02
   1.1179785e-01  -2.4712402e-01  -4.8440577e-03  -2.8353192e-01  -2.8998557e-01  -2.4917938e-01   1.9273673e-01   1.9535024e-01  -1.9036952e-01
  -4.0896333e-02   3.9591462e-02  -4.4556141e-02   6.9460924e-02   2.4894539e-01  -3.2072848e-02   1.2648208e-01  -5.8051338e-02   3.1387445e-01
  -1.2121076e-01   3.3497208e-02   1.4582833e-01  -4.3122542e-01  -2.4848326e-02   1.8693918e-03  -1.6453605e-01   2.2347098e-02   1.3339646e-01
   2.4213754e-01  -9.2635755e-02  -1.3817124e-01   1.2805029e-01  -4.4613576e-01  -4.4765389e-01   4.8357611e-01  -1.6345538e-01   5.6131949e-01
  -3.5032918e-02   2.0131133e-01   5.5163156e-02   1.3491316e-01  -2.1711100e-01   5.7082328e-02  -1.5863177e-01   1.5044047e-03  -1.5849093e-01
   1.3483283e-01   1.8881512e-02   4.3446420e-02   1.4421688e-01  -1.2973653e-02   2.3378384e-01   2.5154783e-02  -6.0846310e-04  -2.4343574e-01
   6.0805616e-02  -8.5039174e-02   3.0192745e-01  -6.6170485e-02  -1.2576634e-01   8.1723044e-02   1.2157680e-01   1.0179040e-01  -1.6900486e-01
  -4.8038511e-01  -2.1151962e-01  -4.2498795e-01   9.6269503e-02   5.0281548e-01   2.3838486e-01   1.8959288e-01  -2.1991350e-02   3.9106716e-02
   8.6979012e-01   3.6491565e-01  -3.2522342e-01   7.2459888e-02   3.1063334e-01   2.2816158e-01  -1.3505421e-01   2.3944776e-01   1.3586493e-01
   7.5670941e-02  -3.5481269e-02   1.0250416e-01   8.9455923e-02  -2.9957299e-01   2.3597341e-01   2.0665465e-01   1.0714623e-01  -3.4461728e-01
   2.6025579e-01  -1.9764559e-01  -1.8273077e-01  -5.4422695e-01   4.1730306e-01  -2.2971047e-01  -3.7999911e-01  -2.0352576e-01   3.2800567e-01
   1.5465238e+00  -1.8540069e-01   1.9751029e-01  -2.2113403e-02   7.5413936e-01   3.3848517e-01   5.1165308e-01  -1.0521268e+00  -7.2991057e-01
  -3.1577360e-01   3.6286419e-02   1.4380119e-01   1.6126001e-01   2.4511469e-01  -4.5001950e-02  -1.0551225e-01  -3.0460581e-01   1.2867847e-01
   8.8248762e-02  -1.6256804e-01  -2.7408206e-01   3.7394671e-01   2.6142073e-01   5.0474613e-02  -2.5908128e-01   8.3536887e-03  -2.9502463e-01
   2.7705531e-02  -1.8384862e-02  -5.1623403e-02   6.1165063e-02  -2.6589623e-01   1.5286653e-01  -2.0629649e-01  -1.0161032e-01  -3.4564341e-01
  -1.0842063e-01  -1.4247750e-01  -1.2100136e-01  -5.0108108e-02  -9.5226744e-02  -1.5362242e-01  -1.1808512e-02  -1.5728397e-01   1.6678616e-01
