  -1.6776062e-01
   1.1226048e-02
  -1.0407499e-01
  -1.1035232e-01
   1.6634954e-01
  -1.7516159e-01
  -2.2483285e-01
   4.8764194e-02
  -2.5592673e-01
  -5.4111480e-01
  -5.6234529e-02
  -8.7343172e-01
   2.1996920e-01
  -8.1950867e-02
  -2.2516945e-02
  -4.7290384e-01
  -1.7042856e-01
   8.2864293e-01
   5.7367079e-01
   1.4272010e+00
  -7.0173781e-02
   4.4539565e-01
   1.1000861e-01
   1.0177463e-01
   2.0741942e-01
  -3.3842930e-01
   4.9383860e-01
   6.3432430e-01
   8.7825693e-02
   4.0438119e-02
   6.5104893e-01
   1.4474116e-01
  -2.0580395e-01
   4.1739531e-02
  -2.9201879e-01
  -5.9939451e-02
   1.0288403e-01
   2.2916030e-01
  -6.4406818e-01
