  -4.2048101e-02  -9.8825182e-03   5.2912310e-03  -1.0521581e-02   1.1819023e-02   1.6807751e-03   3.9995270e-03  -1.0111907e-02  -1.7222095e-02   4.1643722e-03  -6.1940370e-03   7.9072421e-03  -2.1168656e-02  -1.7075959e-02  -6.9399458e-03  -4.2845318e-02   9.7952810e-03   9.7665382e-03   2.5442384e-03   5.6109657e-03   1.1521931e-02  -1.9067778e-02   3.6786637e-03  -4.0822500e-03   1.8801076e-02   1.6100048e-02   9.9755375e-03  -1.2428012e-02   5.3000999e-03   1.2718183e-02   1.2618512e-02  -1.9313820e-03  -4.2398118e-03  -3.5838179e-03  -2.6831059e-03  -6.5518136e-04   1.3195012e-02
  -2.5764789e-01   9.6908778e-02  -1.9434690e-02   1.1826830e-01  -9.2162189e-02  -3.2358183e-04  -5.6452397e-02  -2.8548404e-03   2.5830831e-03  -6.0660820e-02   5.3661047e-04   5.9568973e-02   6.7458362e-02  -8.4053795e-02   5.8016558e-02   3.5457374e-02   6.3960073e-02   2.7377064e-02  -2.5880474e-02   2.0816151e-02  -4.6953450e-02   3.9568328e-02   6.5590493e-02   3.9632007e-02   4.0811570e-02  -3.1467893e-03  -3.2074136e-02  -5.3339407e-02  -6.1158087e-03  -7.3966301e-02  -1.9393326e-03   8.0942377e-02  -2.2626879e-02  -2.5560634e-03  -8.3632732e-02   4.4754608e-02  -1.1085801e-02
   3.5830308e-02  -1.6020883e-02  -1.6036673e-02  -2.4554933e-02   3.5276140e-03  -3.7555204e-02   6.6289192e-03   1.3619624e-02   3.3918515e-02   4.6667498e-03   1.1664179e-02  -3.1537147e-02   1.0166485e-02   3.1835407e-02  -4.5143995e-03   3.8849029e-02  -2.7410622e-03  -9.0425404e-03   2.2662864e-02   9.8937716e-03  -1.6585689e-02  -4.2185101e-03   8.6116052e-03  -2.0096020e-02  -2.3987704e-02  -5.3859762e-03  -1.1680786e-02  -2.4236559e-02  -3.2567181e-03  -1.4312687e-02  -1.7574167e-02   1.3515833e-04   1.0152662e-02   3.2685985e-03   1.5026371e-02  -1.0617294e-02  -1.6044950e-02
  -3.3590848e-01   1.6384890e-01   3.0515702e-01  -4.0196761e-01  -3.5316630e-01   3.2077525e-01   4.3793867e-02   3.4511046e-01  -6.4387867e-01   6.2689421e-03  -7.2106377e-02   1.9804567e-01   1.1769338e-01  -2.2975361e-01   4.0995109e-01  -1.2116200e+00  -2.4412900e-01   5.8306658e-01  -2.2886147e-01   2.6775657e-01  -1.0382430e-01  -3.0159161e-01  -3.0510393e-01   7.6509029e-01   8.0606022e-02  -1.2059793e-01  -3.0739484e-02  -3.7427791e-01  -3.6649637e-01  -1.9362218e-01   2.6970259e-01   2.3434649e-01   2.5865162e-01  -1.3131899e-01  -3.6928187e-01  -1.7754422e-01  -1.1010645e-01
   2.1612756e-01  -1.8319413e-01  -1.5655386e-01  -7.5722422e-02   2.0745996e-01  -2.1663355e-01  -7.9144039e-02  -9.9330480e-02  -5.3176091e-02   2.7021772e-02   1.2604406e-01   9.5299763e-03   5.8332695e-03   3.5520754e-02  -2.0674728e-01   1.3096182e-01  -1.3061936e-01  -1.7048982e-01  -3.5806465e-01   4.5161324e-02   1.6139906e-01   1.5697036e-01   8.4301900e-02  -1.9581773e-01  -1.0159649e-01  -1.9568844e-02   6.4708113e-02   1.6905401e-01   2.1815984e-01  -6.2205857e-02  -1.4616771e-01  -8.1774415e-03  -1.8597992e-01   1.4829779e-01  -7.3949349e-02   1.1561279e-02  -2.2955647e-01
   7.6002748e-02  -4.1491381e-02  -3.0654931e-02  -5.2263530e-02  -2.2168088e-02  -7.4228949e-02  -3.2606815e-02   2.1462882e-02   8.8042430e-02   1.9450866e-02   1.4860982e-02  -5.3187704e-02   8.5856370e-03   4.4712910e-02  -3.0554168e-02   1.5449727e-01  -4.6283860e-02   2.9425854e-02   5.1049543e-02  -1.9453099e-02  -4.1977143e-02   2.2467790e-02   5.8557764e-03   2.8884327e-02  -4.9718140e-02  -3.9255446e-02  -2.0327665e-02  -1.6507238e-03  -2.0745264e-02  -7.5675903e-02  -2.6834583e-02  -1.7725745e-02   3.1801833e-03   2.8841642e-02   4.6696611e-02   1.3502201e-02  -2.2296558e-02
  -1.7183313e-02   2.3386888e-02   1.9747531e-02   1.7324307e-02   5.9084000e-03   2.1445275e-02   5.5427294e-03  -2.8499204e-02   1.3029150e-02  -1.7047717e-02   2.0752006e-03  -1.9765342e-02   6.1096479e-03   1.2244816e-03   2.7246890e-03  -8.5559298e-03  -1.0946815e-02   3.7090122e-02  -4.4137778e-02   5.1453414e-02   2.0181041e-02  -1.8552844e-02   3.6175264e-02   6.6777048e-02   5.3654599e-02   9.1107588e-03   1.0391411e-02   1.3151119e-02   4.4550176e-03   4.0320862e-03  -2.7297202e-02   4.3998938e-02  -2.4269849e-02  -2.5596338e-03  -3.7212642e-03   3.5956568e-02  -1.3956289e-02
   3.7477432e-01  -1.5392322e-01  -1.0202420e-01   1.1001491e-01  -1.1169168e-01  -2.0095779e-01  -4.9842368e-02   8.7577853e-02   2.0673753e-01  -5.7099191e-02   1.0268097e-01   1.9121595e-01   7.6851190e-02   1.6736707e-02   6.1057724e-03   2.8797439e-01   9.4984685e-02  -2.9895248e-01   1.3831762e-01  -1.7852114e-01  -6.3288235e-02   1.3539635e-01  -1.8688819e-01   1.2305441e-01  -1.5545456e-01   1.1730437e-02  -1.9386317e-02  -3.2127810e-02   1.4550277e-01   4.6582839e-02   2.3544337e-01  -2.7835842e-02   3.0208562e-02   3.0457089e-03   2.0669218e-01  -7.7243714e-02   1.0501320e-01
  -2.9607649e-02  -4.9515303e-03  -6.4540895e-03   1.0268683e-04   2.2125653e-03   3.6689607e-02  -1.2763634e-02   7.3155234e-03  -4.8450283e-02   1.2335083e-02  -6.4675427e-05   5.5695412e-02  -2.9663532e-02  -3.9474359e-02  -1.1335355e-02  -4.7104489e-02   1.3170158e-02  -2.1276965e-02   1.0126148e-02  -6.8016385e-02   1.2112358e-02   5.1309811e-02  -5.2025281e-02  -3.6722686e-02  -3.1286660e-02   3.6177216e-03   1.6922075e-02   2.4502934e-02   1.5583008e-02  -1.5282899e-02   4.1660156e-02  -3.5896770e-02   7.2659904e-03   1.6450333e-03  -1.0369176e-02  -1.3948509e-02   3.0958684e-02
   7.0854059e-03  -2.7272691e-02  -6.9903798e-02   3.5165317e-02  -2.3887676e-02   3.0917149e-03  -2.8418349e-02   5.7561941e-02   4.2400087e-02   8.8630251e-03   5.9280786e-02   5.3900363e-02  -1.5119982e-02  -3.1798227e-02  -2.4931577e-02   5.8955489e-02   6.7107735e-02  -1.6597919e-01   9.6424665e-02  -1.7750001e-01  -1.6465080e-02   1.7707634e-01  -1.2436279e-01  -1.2318799e-01  -1.6962631e-01  -5.3087386e-03   1.1884224e-02   2.6532302e-02   5.5363683e-02  -1.4268731e-01   5.9830408e-02  -8.6265285e-02   3.4333698e-02   3.3875049e-02   1.7734750e-02  -5.9925267e-02   5.6275919e-02
  -7.8802737e-02  -9.6401008e-02  -2.7348988e-02  -5.2961631e-02  -1.0197905e-01  -1.9570327e-01  -2.8968875e-02   1.6695032e-02   3.1467808e-01   2.7215683e-02   5.3801629e-03  -1.0202101e-01  -1.2144274e-01   6.0316331e-02  -8.9590196e-02   2.9711603e-01  -6.1771904e-02   3.5477647e-01   2.4209472e-01  -6.1364692e-02  -4.2428481e-02   5.1496478e-02  -2.2064385e-02   2.7063681e-01  -2.1342957e-02   1.5855631e-03   4.5021057e-03  -1.9854027e-03  -9.0792529e-02  -1.4482918e-01  -1.4984223e-04  -1.5779754e-02   3.8383403e-02   1.0509949e-02   1.2486624e-01   7.6247179e-02   3.0503696e-02
  -6.5227588e-01   2.9503842e-01  -3.4701403e-02   4.5087301e-01  -3.2647974e-01  -9.7292561e-02  -2.1006552e-01   1.9679526e-01  -4.2771987e-01  -1.6602685e-01   2.8660975e-02   2.0469305e-01   1.7092330e-01  -5.0907217e-01   3.3836655e-01  -1.3105303e-01  -2.4146058e-02   1.1935183e-01  -1.9078192e-02  -4.2914000e-02  -8.8746456e-02   2.4849208e-01  -5.7952612e-02  -2.3264614e-02  -1.4712790e-01  -1.2082217e-01  -2.5274456e-02   5.6629932e-02  -3.2882131e-01  -2.7386018e-01   2.5090101e-01   3.8896895e-02   8.6746267e-02   8.7162301e-02  -4.1166479e-01   6.7140618e-03  -3.5622250e-02
  -1.3835588e-01   5.0303757e-01   3.1525430e-01   3.1534352e-01  -3.0203811e-01   2.7677901e-01  -1.3434911e-01  -5.1014489e-02  -2.2953226e-02  -1.5052653e-02  -9.5065460e-02  -1.6235290e-01   3.5785873e-02  -3.0352953e-01   1.8917358e-01  -6.0582253e-02  -1.8570315e-01  -1.6839429e-01  -4.7466270e-01  -1.0219584e-01   4.1083403e-02  -7.4536559e-02   4.4930147e-03  -7.2765248e-02   1.8405109e-01  -8.0157888e-02  -9.9540706e-02   1.3329215e-01  -1.1643817e-01   5.8614114e-03  -2.9382778e-02   5.9229814e-02   9.2204799e-02  -4.8670511e-02  -1.8287502e-01   7.0938801e-02   9.9997784e-03
  -4.4140479e-02   1.9926840e-02   2.1917242e-02   3.4686500e-02   1.1264980e-02   4.5644285e-02  -1.3044785e-04  -1.9934527e-02  -6.1263670e-02  -5.8404414e-03  -9.9520786e-03   3.1031517e-02  -1.2008718e-02  -4.5991441e-02   4.7422832e-03  -8.4022865e-02   3.0843174e-03   2.3664455e-04  -5.3858858e-02   1.1686410e-02   3.4956550e-02  -1.3035736e-02   5.1764503e-03   1.3014290e-02   4.4068246e-02   1.5545772e-02   2.3700264e-02   2.4217214e-02   7.3989664e-03   2.9529552e-02   2.5212971e-02   5.4593303e-03  -1.8696731e-02  -2.5860712e-03  -2.0094273e-02   9.4018744e-03   1.1777419e-02
   9.1289016e-02  -4.0118131e-02  -3.2255088e-03   2.8462158e-02   9.0424735e-03  -9.6450211e-02   4.6390029e-02  -1.2043603e-02   7.5808067e-02  -1.5950214e-02   3.4385087e-02  -5.9829435e-02   4.8292159e-02   8.2909396e-02   2.0983057e-03   8.5860465e-02  -2.6557845e-02   8.5091028e-02  -4.9687779e-02   1.3959569e-01  -2.0661120e-03  -2.2034421e-02   2.1823221e-02   1.4395276e-01  -1.1181522e-02   1.7134292e-02   8.1738942e-03  -7.7281377e-03  -6.8257469e-03  -9.8722663e-02  -8.7524403e-02   4.5146239e-02  -4.2237638e-02   2.1028019e-02   1.0610107e-01   6.3004413e-02  -5.0076883e-02
  -4.5597483e-01   1.1630410e-01   9.4695035e-02   3.0018792e-01  -1.1468763e-01   1.0592373e-01   2.2461149e-01   1.4852932e-01   2.1193578e-01   3.9752020e-02   8.7052505e-02  -4.8746910e-01  -2.7716347e-02   2.3186231e-01   2.8869023e-01  -3.6189593e-01   3.4005302e-01  -4.6642619e-01   2.1921061e-01   9.1033074e-02   1.7658642e-01   1.0137021e-01  -3.1484355e-01  -1.6596750e-02  -2.1885471e-01  -1.6672595e-02   2.2557038e-01   1.7229059e-01   1.2254264e-02   2.2163492e-01  -1.0907017e-01  -1.9364392e-01   1.8893203e-01   1.5075804e-01   2.2973257e-01  -1.9404334e-01  -1.0217816e-01
  -7.7736722e-01   6.2241370e-02  -1.6341757e-01   2.6770917e-01  -2.3725323e-01  -1.8506439e-01  -1.3024234e-01  -1.7342958e-01  -5.3452055e-01  -2.8223426e-01  -7.5996457e-02   3.4334654e-01   6.6782652e-02  -3.8928655e-01   2.1882531e-01   1.2162301e-01   2.5283320e-01   3.3766506e-03  -6.5101205e-02   3.2328901e-01   2.7672003e-01  -2.5289801e-01   4.9137601e-02   9.1460537e-02   3.2507075e-01   4.7471405e-02   9.4859942e-02   2.8046891e-01   2.3406853e-01   3.7302631e-01   1.0941922e-01  -1.5495172e-01  -1.2564380e-01  -9.7190383e-02  -3.4583493e-01  -3.2680742e-02   3.9977259e-02
  -5.6497359e-02   1.3413892e-02   2.1772496e-02   3.1894030e-02   6.1724424e-03   2.0532871e-02   7.1578845e-03  -2.0727872e-02  -3.9705803e-02  -9.7589903e-03  -1.4011592e-02   1.4761216e-02  -8.5480407e-03  -3.3611360e-02   4.4114836e-03  -6.5324422e-02   2.9594204e-03   2.1376761e-02  -4.0668806e-02   3.5801232e-02   3.3668689e-02  -3.3426420e-02   1.8299831e-02   3.4584372e-02   5.6546796e-02   1.7523155e-02   2.4935165e-02   1.7154021e-02  -2.4374579e-03   2.7718210e-02   1.3490022e-02   1.1553387e-02  -1.6552609e-02   5.5365401e-04  -1.3747634e-02   1.3843478e-02   3.1320948e-03
   1.7281240e-02  -5.8969189e-03  -8.8871549e-03  -8.1414463e-03  -1.4652519e-03  -4.8387755e-03  -2.8399329e-03   9.3356936e-03   6.4859815e-03   3.9541302e-03   6.7671916e-03   2.7989372e-03   1.9768379e-03   7.4584450e-03  -1.2046695e-03   1.6005856e-02   2.0345034e-03  -1.2364653e-02   1.3181953e-02  -2.2182544e-02  -1.1950901e-02   2.1671520e-02  -1.6289060e-02  -1.8065554e-02  -2.8017091e-02  -5.4070610e-03  -8.6081993e-03  -4.8447653e-03   4.5121420e-03  -1.4479127e-02  -1.3846882e-03  -7.2446745e-03   7.3232229e-03   4.5833494e-04   4.0647091e-03  -7.7266721e-03   1.6498748e-03
  -8.6695930e-02   5.8323936e-02   2.3928526e-02  -1.2743033e-01   8.9802601e-02   1.9203796e-01   3.1033412e-02   4.1209087e-02  -1.0069860e-01  -1.7964230e-02  -2.8230782e-02   1.2819774e-01   4.0011102e-02  -2.0623187e-02   3.9621465e-02  -1.9080723e-01   7.0274942e-02  -1.8378385e-01   2.1024288e-02  -1.5565241e-02  -3.9211926e-03  -5.2707974e-02  -9.3495511e-03  -2.0417514e-01   3.5377883e-02   2.9083510e-02  -1.1233576e-02  -1.1214212e-01   3.7522655e-02   2.0077129e-01   1.1819000e-01   1.0054562e-02   2.9517636e-02  -7.6143028e-02  -1.0526546e-01  -9.9272285e-02   3.5058447e-02
   2.4920313e-01  -1.1239849e-01  -1.6784512e-01  -2.7678998e-01   1.1440839e-01   1.9190626e-01  -2.0994295e-01   6.7433879e-02   2.7087841e-04   6.0332632e-02  -6.3523195e-02   1.1391536e-01   2.1791398e-02  -5.1603021e-02  -8.7389198e-02   5.6163270e-02  -2.3375995e-01   2.3998044e-01  -9.2468204e-02  -8.4802816e-02  -2.3515524e-01   1.0815967e-01   2.4169967e-01  -5.8690192e-02  -3.7299887e-02  -9.5269858e-02  -2.4134629e-01  -2.2757574e-01  -1.3775056e-01   5.1758332e-01  -1.2371337e-01   1.2661695e-01  -1.0177181e-02  -1.2402081e-01  -2.4018232e-01   1.1369179e-01  -1.0918234e-02
   3.8013951e-01  -6.2437619e-02  -9.4281685e-03  -2.0980873e-01  -7.5178821e-02  -1.2315590e-02   5.3360623e-02   6.0517542e-02   1.3415611e-01  -1.8157744e-01  -1.7013636e-01   4.1145202e-02  -5.0598000e-02   1.0654730e-01   5.5375138e-02   5.3037360e-02   1.6602769e-01   1.4836072e-01   3.8666363e-01  -7.0898415e-02   5.7309411e-02  -1.5019751e-01  -1.1449963e-01   2.4436911e-01   1.6038938e-01   1.1338539e-01   6.1331077e-02  -1.8008620e-01  -1.4068867e-01  -3.3760712e-01   2.7546946e-01  -5.8561570e-02  -1.7209393e-02  -9.3499472e-02   1.2294148e-01  -1.2772532e-02   9.1458790e-02
  -5.5679988e-02  -2.4535323e-02   2.8561380e-02   5.5668798e-02   5.0501402e-02  -2.7008134e-02   2.5698732e-02  -2.6546189e-03  -2.7842248e-02   1.0566158e-02  -2.9186479e-02   3.7638866e-02  -2.6997414e-02  -1.2009306e-02  -3.3052316e-02   8.8858768e-02  -3.2005378e-02  -1.2730373e-01   3.1733326e-02  -9.7535410e-03   1.8872072e-02  -7.2682171e-02  -2.4886987e-02  -1.2110810e-01  -3.6800965e-03   5.1411825e-02  -7.7153289e-03  -3.6227124e-02  -1.6737229e-02   2.2558639e-02   1.4576198e-01  -5.2444672e-02  -2.0411190e-02  -3.0792715e-03   1.1010201e-01  -2.0236719e-02   9.1212531e-02
   1.6688688e-02  -1.0044636e-01  -2.7062369e-01  -8.0758341e-01  -3.1213113e-01  -2.9475950e-02  -2.9180680e-01   1.2428243e-01  -1.8245646e-01   1.2756587e-01   3.2003148e-02   3.2739627e-01   1.0645293e-02  -4.0385635e-01  -1.3752919e-02  -5.4444323e-01   3.9301892e-01   2.2223647e-01  -4.7978199e-02  -6.7811989e-02   1.8631929e-02   1.5718607e-02   7.4721211e-03   1.8321885e-01  -1.3088823e-01  -2.6424022e-01   3.6242615e-01   1.2283859e-01   2.2577077e-01  -6.6296776e-01  -2.9832014e-01  -4.1826801e-01   1.7805020e-03   3.0714651e-01  -5.3174983e-01  -1.2717042e-01  -3.8502739e-01
  -2.4720942e-02   5.4592972e-02   3.6350397e-02  -1.5205735e-02  -1.0304428e-01  -5.6247127e-03  -1.6077350e-01  -5.8481945e-02  -3.4606822e-02   8.7106617e-02   2.0473003e-03   2.2436250e-01  -2.6167913e-02  -3.8918387e-01  -7.5362384e-02   1.0150268e-01  -1.8600492e-01   1.1918076e-01  -3.7476466e-01  -1.6841813e-01   2.5297125e-02   1.1306569e-01  -3.3762628e-03  -1.3248327e-01  -3.1059078e-02  -1.0303498e-01   6.7458481e-02   2.4292656e-01   2.5898641e-02  -1.9357676e-01  -9.3945111e-02  -2.8586396e-02  -1.6114354e-02   1.2596702e-01  -5.1199453e-02   8.4984514e-02  -3.1491527e-02
   2.6796193e-02   4.4211323e-02  -3.3251004e-03   4.1536997e-02  -8.9627682e-02   5.6710753e-03  -6.2149584e-03   2.3600552e-02   2.9547627e-02  -4.1079475e-02  -4.7369861e-02   1.3934232e-01   7.9643803e-02  -9.1722925e-04   1.0312573e-01   8.6388232e-02   1.5548943e-02  -1.6252607e-01   6.6043069e-02   8.2480250e-02   6.4391417e-02  -2.9581976e-02  -2.8977856e-02   7.1559273e-02  -1.7309320e-02  -2.6387550e-02   7.8249857e-02   1.5546651e-01   1.7017752e-02   1.3640331e-01   1.0517772e-03  -9.1814418e-02   2.3667488e-02   3.5597798e-02  -1.7293764e-02  -6.4097540e-02  -5.8981583e-03
