   8.0791175e-02
  -2.7376957e-01
  -2.7521814e-01
   1.4778963e-01
  -1.9598194e-01
  -8.0556668e-02
   9.6505755e-02
  -3.3465322e-01
   9.2433767e-01
   9.6994063e-02
  -3.4651015e-01
   5.8994205e-02
   8.5747288e-02
   1.5768257e-01
   1.8639462e-01
   2.3361797e-01
  -4.3679128e-02
   1.3093009e-01
   1.9173083e-01
  -4.5305682e-01
   2.9382283e-01
  -4.3703970e-01
   2.1847906e-01
   3.2567682e-02
  -3.3497639e-01
   4.0405691e-01
   5.5732682e-01
   2.3411814e-01
   2.7327505e-01
   1.9605780e-01
   2.4811223e-01
  -2.2308364e-01
   6.9491301e-01
   8.1812551e-02
  -1.5037360e-01
  -1.8371290e-01
