  -1.5934818e-01
  -9.6780011e-02
   1.2805234e-01
  -1.1286248e-01
  -3.0477223e-01
   9.4211733e-02
  -3.3167672e-01
  -1.7796074e-01
  -1.4321210e-01
  -9.0777435e-01
  -8.4993467e-01
   1.6408599e-01
   1.0206616e-01
  -7.2855724e-03
  -4.5981524e-02
   4.0754058e-02
   1.4616571e-01
   7.7479436e-02
  -2.9536356e-01
   6.4392058e-02
   6.3589215e-02
  -2.4532406e-01
   9.1658584e-02
  -3.5713429e-01
  -2.2676133e-02
  -6.2794799e-02
   1.6194455e-01
  -1.2134296e-01
   6.8426296e-03
   7.2581394e-02
  -6.2662930e-02
   7.4456192e-03
  -7.9417576e-02
  -4.1536499e-02
  -3.3845936e-02
  -1.2346414e-01
   2.5472851e-01
  -4.3694496e-01
  -1.1225193e-02
  -1.3677829e-01
