   7.3115600e-02
   3.1948739e-01
  -2.5617991e-01
   1.3871588e-01
  -3.8715224e-01
   4.8908270e-01
   1.5270752e-03
  -1.9448034e-01
   2.2148419e-01
  -4.4821858e-01
  -1.8172823e-01
   7.4009477e-01
   5.4770506e-01
   5.8359387e-02
  -1.9848972e-01
   3.2661268e-01
   2.8309399e-01
  -2.0650237e-01
  -2.4096435e-01
  -4.6194823e-03
   2.2403443e-01
  -9.9573389e-01
   8.9144745e-01
   2.4433083e-01
  -2.8929371e-01
  -1.3692009e-01
   1.8389743e-01
   8.8581815e-02
  -2.5388178e-01
   2.9361559e-01
   1.1648378e-02
   1.8033690e-01
   1.6408232e-02
  -8.2873490e-02
  -4.1068256e-01
   1.8620579e-01
   8.8110068e-02
   4.7035217e-02
   3.6326727e-01
  -1.4736959e-01
   2.2886830e-01
  -3.7369307e-01
  -2.8520121e-01
   1.4723064e-01
   1.1476646e-01
  -8.7733194e-02
  -7.1675708e-02
