  -5.6276104e-02   3.5684863e-01   2.4947674e-01   4.7998853e-02  -1.7802797e-01  -4.3753774e-03  -2.5440496e-01  -7.2655713e-03  -2.5714097e-01  -1.2551679e-02   1.5184574e-01  -6.7060183e-02  -3.1348829e-02   9.7453050e-02   3.3312127e-02   6.9321625e-02   1.0569784e-01   3.6712215e-01  -2.3544874e-01   2.8455007e-01   7.5799548e-02  -3.4647023e-02  -1.7529089e-01   1.5443879e-01  -1.1845894e-02   8.6451525e-02  -1.3144033e-02   1.3517994e-01  -5.9090106e-02   1.4231681e-01  -1.6182095e-01   1.1649842e-03  -4.2632289e-02   2.2961107e-01   2.7584319e-04   4.6101736e-03
   3.6587788e-03   1.4266559e-02   1.4569399e-02   2.9688026e-03   4.8812805e-02  -3.6854943e-02   3.9520634e-02   1.2065948e-03   2.4393412e-02   2.5166407e-02   3.3433281e-03   1.0281095e-01   7.1623892e-02  -1.5565261e-03   1.7404302e-02  -4.0349798e-02   3.0856420e-02   6.6895272e-02   5.6834504e-02  -7.3936802e-03   8.3783269e-02  -4.7227669e-02  -4.1211884e-02   7.7840223e-04   3.6876069e-02   5.1988519e-02   1.1105669e-01   4.3546383e-02   2.2875948e-02  -4.8065124e-02   6.8343157e-02  -3.8374752e-02   6.9067007e-02  -1.8142512e-02  -3.6122677e-02  -2.3915645e-02
  -1.0530983e-01   7.3744931e-02  -3.7300560e-02   1.6032117e-01   8.5810163e-03   1.6906583e-01   8.1962866e-02  -2.4769649e-02  -5.1894459e-02   1.5966296e-01  -6.6523700e-02  -6.2126402e-02   9.6438817e-02  -1.9010955e-01   1.2674183e-01  -8.6707635e-02  -1.9341440e-02   3.3231732e-01   2.2375393e-01   6.1214801e-02  -3.1489142e-02   3.3834753e-02   3.4432033e-01   3.8632019e-02   2.6846628e-01  -5.0951454e-02  -2.6129105e-01  -2.8515687e-04  -5.3207818e-02   3.8651075e-02   3.4531572e-02  -1.2254940e-02   2.2715365e-02  -3.5836417e-01  -1.6927619e-01   6.2863055e-02
  -1.7038516e-02  -1.3653759e-02  -2.8608765e-02  -1.9690989e-02  -1.6062264e-02  -2.3977918e-02  -6.8127245e-03   5.3893133e-03  -4.4155720e-03  -3.6627165e-02  -8.9805943e-03   2.6663473e-02   5.3834736e-04  -1.9116463e-02   1.4224362e-02   2.4349777e-02   3.6460369e-02   8.5493150e-03   1.2266921e-03   2.0440298e-02   2.9714631e-02   9.1773627e-03   2.9847685e-03  -2.4261343e-02   2.1971500e-02  -2.2366351e-03   2.0394943e-02  -3.0802639e-03  -1.1129079e-02   3.3969156e-03   1.3449871e-02   2.2931391e-03   2.4383206e-02  -1.2877508e-02   2.3004387e-03   1.1089843e-02
  -2.8583138e-01  -1.3098871e-01  -1.7358884e-01  -4.3029837e-02   1.1512122e-01   1.0876690e-01  -1.4582834e-01  -3.6081995e-02  -2.8834001e-01  -2.5906007e-01   7.9110969e-02  -6.7613306e-02  -2.6793290e-01  -3.4927759e-01   3.1755686e-01   9.1484030e-02  -6.6805406e-02  -2.9359505e-01  -1.3555171e-01   6.5624116e-02  -2.9153948e-01   5.4176738e-02  -1.7950183e-01  -3.2018490e-01  -3.6682910e-02  -2.1672395e-01  -3.2833625e-01  -2.6348599e-01   8.4803997e-02  -1.3345708e-01  -9.0107445e-02   7.3947090e-02  -3.8600825e-01  -7.4100709e-02   2.4398818e-01   1.0617498e-01
   1.2320077e-02   3.2955305e-02  -1.4692576e-02   1.8698554e-02  -4.1415628e-02   1.1893643e-04   7.4807659e-03  -2.3619154e-02  -3.5683151e-02   1.6081462e-02  -4.5714857e-03  -4.4959270e-02   2.1110040e-02  -4.2116170e-04  -1.6320020e-02  -5.6203000e-02  -1.4592566e-01  -4.2165775e-02  -3.0912599e-02  -1.8892465e-02  -5.2164075e-02  -8.0202328e-03   1.3503446e-02   1.8005577e-02   1.7704929e-03  -8.7708248e-03   8.7838385e-03   2.4131394e-02   4.1920167e-02   4.9610254e-02   5.0838051e-03  -2.7293120e-03  -2.3571725e-02   5.3939367e-02   1.2796606e-02  -1.2332694e-02
  -1.2505109e-01  -7.3655138e-02  -1.3598796e-01   2.2564092e-01  -1.7220237e-01   2.0427708e-01   1.1026408e-01  -2.1459946e-01   2.6043722e-01   2.4128889e-01  -1.6596249e-01   2.6681113e-02  -1.5612483e-01  -1.5220331e-01   1.7568787e-01   2.5933863e-01   2.6384285e-01   1.8739443e-01   1.7263488e-01  -8.6059391e-02   8.9858277e-02  -2.4724530e-01   1.2957691e-01  -5.3627741e-01  -2.3389535e-01   1.9842493e-01   1.2403036e-01  -3.9147865e-02   2.4253490e-01   1.6213342e-01  -2.6959282e-02   1.2170500e-01   1.3442460e-01  -7.3068556e-02   2.7771092e-01  -3.3564747e-01
   8.6559389e-02  -8.2863189e-03  -3.3565319e-01  -9.2136566e-02  -1.8550347e-01  -2.8196668e-01  -9.2297343e-02  -2.3610377e-01  -5.7674978e-02  -1.4384718e-01  -1.2034624e-01   9.0051140e-02   2.5421548e-01   3.0019894e-01   9.9172658e-02   2.9371181e-01   1.6063004e-01  -3.2072334e-01  -7.7074505e-02   1.2248942e-01  -1.8904804e-01  -1.3340204e-01   2.8167047e-02  -8.7030565e-02   5.7012910e-01   3.1405253e-02  -7.2630859e-02   2.8104230e-02   1.0691348e-01  -1.1544330e-01   3.9143842e-01  -3.1690168e-02   4.5414110e-02   3.7735960e-02  -1.9881407e-01   1.0323407e-01
   5.3990806e-02   1.9798010e-01   1.1963097e-01   4.2696626e-02  -8.2993859e-02  -6.9599561e-02  -1.1877653e-01  -3.4501247e-02  -6.3431158e-02  -2.6605834e-03   1.5918345e-01   9.8217443e-02   8.0782357e-02   4.7075706e-02  -1.8013594e-02   4.1889801e-02  -3.3382965e-02   4.8964220e-02  -2.4730836e-01   1.8986140e-01   1.6147628e-02   4.2631339e-02   2.6610699e-02   1.0808777e-01   2.4038240e-01  -1.9830435e-02  -1.1639254e-01   2.5128286e-02   6.1817550e-02  -4.2642315e-02   2.7438813e-02  -1.0814124e-01  -9.6403629e-02   1.8179538e-01  -2.7790752e-02   7.1798959e-02
   2.7137805e-01   2.9512052e-02   1.7080562e-01  -9.9936476e-03  -5.5825911e-02  -1.0054363e-01   6.7681949e-02  -3.4285076e-02   3.3086986e-02   1.0728070e-01  -3.3853290e-02   6.6336243e-02   7.6913461e-02   1.6872248e-01  -4.8278803e-02  -3.9208311e-02  -1.4194834e-01   1.5564420e-01   4.4819455e-02  -4.8248540e-02   2.5438522e-01  -1.4341895e-01  -2.0542413e-01   1.8976917e-01  -1.6051682e-03   1.8956130e-01   1.6134510e-01   1.6095580e-01   6.7633447e-02   3.3568309e-02   4.7469311e-02  -1.2389730e-01   1.6614505e-01   2.0966102e-01  -5.6604239e-02  -1.3361203e-01
  -6.1383075e-02  -5.6726317e-02  -3.2852145e-02  -1.8616071e-02   1.3861988e-01   4.1606050e-03   7.2809912e-02  -1.1171236e-02   1.6838118e-01   1.0427620e-02   1.3864145e-01   7.4046824e-03  -2.1916822e-02  -2.3378075e-01   5.4945274e-02   2.6771286e-02   7.6831800e-02  -1.8218528e-01   1.2578629e-01   9.4784832e-02   1.6523707e-01  -1.8050104e-02   6.4129367e-02  -1.2299343e-01  -6.4603987e-02   4.6687855e-02  -4.9087104e-03   2.9427677e-02  -1.0678502e-01  -1.1865770e-01  -1.1807498e-01  -1.7237418e-02   9.9626564e-02  -2.0231497e-01   1.5138718e-03   3.8888568e-02
  -3.3048205e-02  -2.0114420e-02  -9.8845073e-02   9.4022982e-02  -4.7398420e-01   1.7508170e-01   5.2840982e-03  -1.7817651e-01  -2.6718692e-01   9.3721348e-02   2.0879196e-02  -4.1923926e-01   3.2011529e-02   3.4844537e-01   1.6645328e-01  -2.3951339e-01  -1.4177621e-02   2.8136617e-01   3.9151735e-01   4.1008903e-02  -2.2154294e-02  -1.9153828e-01  -2.2174683e-02  -2.3038583e-02   1.3373274e-01   5.9409611e-02  -4.0769485e-03  -9.8653912e-02  -1.4785800e-02   2.1357412e-01   2.2592882e-03   2.7302109e-01   1.5448946e-01  -7.5086461e-02   1.7786243e-01  -1.0064676e-01
  -1.3347776e-01  -5.2305804e-01  -3.6354777e-01  -2.2814799e-01   3.3147838e-01   1.9674132e-02   1.8231696e-01   1.6247982e-01  -7.2389577e-01  -1.4803796e-01  -5.9806233e-02   2.3253711e-01  -1.9231573e-01   1.0784869e-01  -2.3867929e-01   6.9890778e-01   4.4522910e-02  -6.4792616e-01  -4.2561261e-01  -1.6159594e-01  -2.5448343e-01   2.9754668e-01  -8.4903471e-01  -5.7890074e-01   2.3479501e-01  -2.6759446e-01  -8.7480448e-01  -4.2924206e-01   2.1327517e-02  -2.1273485e-01  -2.0550455e-02   2.6235393e-01  -4.0233298e-01  -1.8244002e-01   3.2683160e-01  -3.3387060e-03
   3.3671888e-01  -2.4004310e-01  -1.6141249e-02   5.8642627e-02   1.2203503e-01   4.4189506e-02   2.4503217e-01  -1.8123062e-01  -1.7357039e-01   2.2260272e-01  -2.0038580e-01   4.8351517e-01   1.8117467e-01   1.2705179e-01  -3.1644971e-02  -7.1374654e-02  -2.0017525e-01  -1.8280797e-01  -5.5523885e-02  -1.3321867e-01   5.1565867e-02  -2.0153623e-01  -2.6582204e-01  -1.1846978e-01  -4.9510528e-02   1.2631878e-01  -2.4046712e-01   3.4203754e-02   2.7339329e-01  -2.6684212e-01   1.7836489e-01  -2.2013684e-01   1.2969864e-01   1.3144108e-01  -5.2449967e-02  -2.7333266e-01
  -7.5893502e-02  -3.9202936e-02  -1.0654493e-02  -4.4042641e-02   1.5857480e-01   1.9352330e-02   6.6470228e-02   1.8557970e-01  -1.4999621e-01   8.1052559e-02  -2.5918329e-01   3.4258144e-01   5.3439865e-02  -2.2135652e-01  -4.6210217e-01   2.8548217e-01  -2.9138450e-01  -1.3403021e-02  -1.1150610e-01  -4.5091874e-02   1.8649301e-01   7.7025111e-02   3.0733359e-01  -2.7036778e-01   2.2781140e-01  -1.0849534e-01  -3.1718202e-01  -4.7171177e-02  -4.2973566e-02  -4.4985345e-02   7.5039965e-02  -1.9704626e-01   2.0884460e-02  -6.9839092e-02  -7.9060628e-02  -9.6793776e-02
   1.8132176e-02  -1.1815801e-01  -9.7318234e-02   2.2462875e-02   8.5058957e-03   6.9559600e-02   7.4954185e-02  -4.9674284e-02   9.9985456e-02   1.6918529e-02   3.3266350e-02  -6.9680871e-02   4.8920168e-03   3.6642215e-02   5.8913213e-02   9.9108113e-02   2.2337114e-02   2.7493720e-02  -2.0981835e-02   9.9550173e-03  -1.3872973e-02  -8.7207056e-02  -2.4031607e-02  -2.9300361e-02   9.7038516e-02  -5.6644425e-03  -7.5354835e-02  -3.4542526e-02   2.2079969e-02  -4.9317403e-02  -1.8959253e-02   1.1278306e-02  -4.4223095e-02  -4.9027243e-03   7.3233071e-03  -4.7620580e-02
   2.4798210e-02   2.2631926e-02  -1.9852682e-02  -4.2136855e-03  -3.3801867e-02   5.1422388e-03   2.1333059e-02  -3.4443704e-02  -3.5965873e-02   2.5293380e-02   4.5136886e-03  -8.1693603e-02  -2.1679111e-02   1.0031008e-01  -2.5841256e-02   8.9109673e-03  -7.0724955e-02  -5.4756947e-02  -2.8611953e-02  -3.8836715e-02  -1.0912950e-01   1.3890198e-02  -8.7924285e-03  -6.8641059e-04  -8.6025599e-02  -5.8689207e-03  -2.5123235e-03  -1.8448738e-02   1.0362367e-02  -9.6520296e-03  -1.4368611e-02   2.8967558e-02  -6.8448294e-02   4.5836782e-02   1.8797622e-02   5.1000830e-04
   1.5159575e-01  -3.3147091e-02  -1.9644715e-02  -2.4681853e-02   8.3965218e-03  -9.7486828e-02   6.1557257e-02  -1.0958275e-01   1.1256834e-01  -2.5691236e-02  -3.8565643e-02   1.4391162e-01   2.5763807e-02  -1.4406630e-02   8.5500531e-02  -5.1345354e-02  -8.5744512e-02  -4.0416837e-02  -6.4447124e-03  -4.1940540e-02   7.8276237e-02  -1.1490639e-01  -7.7892312e-02   3.8448091e-02   4.9256487e-02   9.6569172e-02   2.7344833e-02   5.2760820e-02   1.0158429e-01  -4.0028926e-02   6.4628166e-02  -9.3592379e-02   9.3097820e-02   9.0030365e-02  -4.0353496e-02  -5.8388562e-02
   9.2388838e-02  -2.5286163e-01  -4.3673560e-02  -1.5696285e-02  -7.1140117e-02  -1.0300462e-02  -5.5664729e-02  -6.9342575e-02   1.6979084e-01  -1.8422771e-01   5.2941583e-02  -1.9868291e-01  -2.4655157e-02   2.6508788e-01   1.2295384e-01  -8.6993771e-02   2.2029224e-01  -1.7956048e-01  -1.5087903e-01  -9.4195869e-02  -1.7292890e-01   3.4106312e-02   5.8804145e-02   1.9912300e-02  -1.2996721e-01   4.7716104e-02   1.8033522e-01  -1.0104823e-01  -3.7424509e-02  -5.4529255e-03  -4.4016993e-02   2.4171547e-01  -4.7016971e-02  -3.6877730e-02   5.8229051e-03   8.4204691e-02
  -6.6016819e-02  -2.4280405e-02  -5.1097773e-02  -4.5345249e-02  -3.9830558e-03  -6.4075770e-02  -5.6028290e-02   2.9141162e-02  -2.4579713e-02  -6.6624679e-02   1.4047057e-02   8.5274839e-02   2.3623749e-02  -2.0310895e-02   3.9313421e-02   3.0237342e-02   1.3222240e-01   8.1972135e-03   3.4414621e-02   2.5172604e-02   7.6054875e-02   1.4023782e-02  -3.9723111e-02  -5.2587917e-02   8.7684330e-02   1.6206135e-02   6.3584487e-02  -1.3062090e-02  -2.7936063e-02  -2.6295870e-02   5.6971902e-02   2.4002392e-02   6.4394730e-02  -5.0928341e-02  -1.6889176e-02   3.9345432e-02
  -1.7426674e-01  -1.7837819e-01  -1.3760395e-01  -3.6707251e-02  -2.0236874e-01   9.5088006e-02   4.8359496e-02   7.7733005e-02   2.2742522e-01  -2.4263060e-01  -4.9658232e-02  -4.5013652e-01   1.2722608e-01   2.5424379e-01   1.6448308e-01   1.0193222e-01  -5.3146322e-02  -1.3098046e-01   6.3388230e-02   1.8456296e-01  -6.5561669e-02   3.3426025e-01  -7.0101366e-02   1.9260017e-01   1.1464576e-01  -2.3297585e-01   2.1372981e-01  -1.5911901e-01  -2.3764526e-01   1.9139040e-01  -7.1246656e-02   2.3495835e-01  -1.3688264e-01  -1.7516028e-01  -3.1602951e-01   2.8317896e-01
   8.4471894e-02  -1.8889697e-01  -1.4177761e-01  -7.8017884e-02   5.8634777e-03  -1.4565167e-01   7.3550283e-02  -5.9686482e-02  -1.1524434e-01  -6.7618152e-02   7.3988090e-02  -2.2551094e-02  -3.7370620e-02   2.2918430e-01  -4.9827990e-03  -6.9638693e-02   6.4953699e-02  -2.5205749e-01  -4.3454331e-02   2.9354522e-02  -5.6267115e-02  -5.8370971e-02   1.8617168e-02  -9.3118962e-02  -9.5050551e-02   1.0055561e-02  -6.5161105e-02  -7.4933404e-02   4.3779259e-03  -9.4352095e-02   1.2134992e-01   8.2472769e-03   5.3281119e-02   1.3869950e-02   1.4479850e-02  -5.6168968e-02
