   3.0092285e-01
   3.1271529e-01
   1.0447248e-01
  -3.6979898e-01
  -1.1528141e+00
  -1.9275397e-01
  -6.0976708e-01
   1.9833826e-02
  -1.0688644e-01
  -3.3345044e-01
  -2.4236351e-01
   1.8366197e-01
  -8.6861144e-04
  -1.4091834e-01
  -2.2121832e-01
  -1.0313645e-01
  -1.0023808e-01
  -4.8161272e-03
  -1.5867066e+00
  -3.0601757e-01
   2.9540162e-01
   1.2074982e-01
   2.1311873e-01
  -6.4124529e-01
  -5.2241945e-02
   8.5927866e-03
  -2.7906272e-01
  -8.1782851e-01
  -1.0479210e+00
   1.6669824e-02
   1.6857569e-01
   9.5884460e-01
   2.9275561e-02
  -1.5903724e-01
   1.9193989e-02
   1.9867540e-01
  -1.5793873e-01
