   1.8598218e-01  -1.5450980e-01   4.0747194e-02   1.6788112e-01   3.1672585e-01  -3.4696742e-02  -7.3179347e-01  -5.4759366e-01   3.4289227e-01
   4.1311950e-01  -4.1356409e-01  -2.8539559e-01   1.1469540e-01  -2.6875277e-01   5.9617359e-01  -4.9587889e-01  -4.7042686e-01   9.6089956e-02
  -8.8092524e-02  -1.2757284e-01   1.0817917e-01   4.4944087e-03  -5.7740306e-02   4.7637477e-02   5.8415115e-02   1.9831864e-01  -1.2091559e-01
  -4.0605149e-02   5.3283478e-01   1.6088607e-01  -1.6813341e-01  -3.6594982e-01  -4.8701742e-01   2.8936398e-01   3.2958683e-01   3.3372386e-01
   3.1015733e-01  -3.1071686e-01   3.8774008e-01  -4.7348137e-02  -3.4648644e-02  -4.0760900e-01  -1.9336606e-01  -3.7113186e-01   2.7701616e-01
   1.2543658e-02  -1.5588111e-01  -4.8686080e-02  -1.0385082e-01  -9.9961540e-02   1.8149623e-01  -1.6142191e-02  -1.0884292e-01   1.9613604e-01
   2.5805848e-01  -1.5803308e-01   2.1372489e-02  -1.6258419e-01   4.5044972e-02  -5.9175467e-01  -3.1567533e-01  -4.3704593e-01   9.7466357e-02
  -1.6752388e-01   2.9974428e-01  -6.1457071e-02  -2.2308972e-01  -1.7816664e-01  -4.1631892e-01   1.3373171e+00   2.9291823e-01  -8.0252829e-02
   7.4255253e-02   2.2951839e-01  -1.0186406e-01  -2.9553407e-03  -1.1035542e-01  -5.6443349e-01   3.2075734e-01   2.4657577e-01   2.0517463e-01
   4.0562381e-01   2.6171265e-01  -8.0202609e-03  -5.6085204e-01   9.3062377e-01  -6.0045515e-02  -1.8956824e-01  -4.4318513e-02   3.8061850e-03
  -3.1354260e-02  -3.4296128e-01   1.3307380e-01  -1.9092757e-02  -3.2336470e-01  -6.8170105e-01   1.3499527e+00  -9.7693446e-01   6.0048936e-01
  -9.3047147e-02  -2.1555387e-01  -2.4439775e-01   2.5228202e-02   7.5702296e-02  -6.5835482e-02   4.3523301e-01  -3.0598343e-01  -7.9533791e-03
  -6.0589422e-02   2.8397551e-01   1.0162362e-02  -1.5459512e-01  -2.9697563e-01   1.1779907e-01  -3.3376049e-01   8.0473507e-02   1.1855260e-02
  -8.1783619e-02   2.4898855e-01  -1.1855826e-01  -1.5566988e-01  -3.4454053e-01  -4.4050342e-02   6.7967642e-03   2.1583258e-01  -1.1629716e-01
  -1.8978694e-01   1.2479013e-01  -4.4649236e-01  -6.3140187e-02   2.2554205e-01  -2.6902856e-01   7.3835395e-01  -1.1378735e-01   3.2898253e-01
   6.7202535e-02   3.4428859e-02   1.2462728e-01  -3.6594672e-02  -1.3331228e-02   1.4495700e-01  -1.0684421e-01  -6.4224343e-02  -1.4227277e-01
   3.6480911e-01  -1.4733809e-01   3.2063257e-01   2.7512214e-01   5.5258802e-01  -4.3793129e-01   9.8970754e-01  -1.6683366e-01  -3.8928874e-01
   4.5167633e-01  -2.6944615e-01  -4.0254104e-01   1.4663823e-01   8.2718165e-02   6.5328955e-01  -4.6165259e-01  -5.9491079e-01   3.0689857e-01
  -1.7074054e-01  -2.7304266e-01   3.0389467e-02   2.6956178e-01   4.7322840e-01  -2.2186335e-01  -1.7687454e-01  -1.2547513e-01  -7.1596296e-02
   7.0571479e-02  -5.7460917e-02  -1.5910444e-01  -9.6644827e-02  -1.7172395e-01  -1.5300972e-02  -1.6927941e-01  -2.8796094e-01   2.8878137e-01
  -6.2572902e-02   2.5467980e-01   1.0620293e-01   3.4746540e-02   2.8540573e-02   2.5760336e-01   1.3013957e-01  -3.9340384e-02   3.0512418e-01
  -2.5784723e-03  -6.1910520e-02   2.1226964e-01   2.2600913e-01   6.9054526e-02  -8.8761800e-01   8.4582838e-02  -1.0642444e-01   2.5401903e-01
   2.1925674e-01  -2.1220674e-01   7.0468171e-02  -1.2942991e-01  -1.5648805e-01   1.0472913e-01   9.9761054e-02   2.2848421e-01   3.2381243e-02
   1.5012873e-01  -1.4666680e-01  -2.9688012e-01  -3.8128526e-01  -7.7909343e-01  -2.3681966e-01  -6.0585866e-02  -3.0347900e-01   1.2491959e-01
   1.6016164e-02  -3.9803501e-02  -5.5916206e-02   3.5396466e-03   2.5271815e-01   1.8653860e-01   1.4982768e-03  -7.3211467e-02  -4.6225570e-02
  -8.6961723e-02   2.2195042e-01   6.2976196e-02  -1.6397873e-01   5.2175867e-02   2.6552207e-01  -3.0404666e-02  -1.6973073e-02   1.2010888e-01
   1.7844795e-01   1.0786338e-01  -9.1892437e-02  -1.0601389e-01  -3.4400004e-01   4.3347367e-01  -2.3198145e-01   9.3914543e-03  -5.8295084e-02
  -2.0634466e-01  -4.1041765e-01  -1.3773527e-01   3.3649604e-02   2.1164762e-01  -2.4728052e-01  -1.0936135e-01   3.8757801e-03  -3.8016700e-01
  -6.8921488e-02   1.0483493e-01   2.9717776e-02  -4.5679566e-02   2.9592519e-01  -3.4440573e-02   9.3286988e-01  -3.0620525e-02   1.7517216e-01
  -1.3120269e+00   6.4369685e-01  -1.7341162e-01  -7.1789100e-03  -4.9938839e-01   2.0321086e-01  -2.7737809e-01  -5.9840521e-01  -9.0261287e-02
   1.5307527e-01   6.4324703e-02   2.0010737e-02  -5.7593062e-02   7.2851334e-02   1.1938535e-01   2.3081569e-02  -4.3225821e-02  -6.5635594e-03
   2.1366052e-02   1.3741235e-02   5.9532687e-02   2.0283372e-02  -2.1301414e-01  -2.4340225e-01   9.6626298e-02   9.3383032e-02   2.5403020e-01
  -2.4255616e-01   3.4929433e-01   1.1828938e-01   5.2327485e-02   4.5472881e-02  -9.0093535e-03  -2.4132554e-01  -2.4514645e-01  -6.9442069e-02
  -8.7122405e-01   2.7198123e-01  -1.0554360e-02  -1.1641980e-03  -5.9521287e-04   3.9869924e-01  -1.3883311e-01  -2.6900224e-01  -4.0468344e-01
  -2.6203488e-01  -1.8207193e-01   3.0917042e-03  -4.2854972e-02   7.1923080e-02  -9.9289308e-03  -3.4860921e-02   6.5151422e-03  -9.0110366e-02
   7.7903019e-02  -5.9493914e-02   3.1589669e-02  -3.7600622e-03   2.9225880e-02   5.3950041e-02  -2.5332218e-01  -1.7832931e-01  -1.4334450e-01
   1.9124555e-01   2.7498622e-02  -6.0254331e-03  -1.6311635e-01  -1.3047285e-01   5.1009005e-01  -4.4412964e-02   2.1419937e-03  -1.1326184e-01
   2.1854047e-01   1.0729540e-02   5.6460849e-01  -3.7062152e-01  -1.1769160e-01  -9.3606732e-02   4.9002104e-01  -1.0144678e+00   2.9137644e-01
   1.4911807e-01  -1.1863000e-01  -8.1403875e-02   1.1639510e-01   2.4132926e-01  -3.4998210e-03   8.9870381e-02  -2.6064652e-02   1.0711801e-01
   1.3715957e-02  -2.6628024e-02  -1.4013916e-01  -8.5346465e-02   7.6956959e-02   7.3264788e-02   7.6621255e-02  -7.1400400e-02   1.5508281e-01
