  -1.7436987e-01   2.6343525e-02  -3.9298700e-02   4.0507757e-02  -2.1588512e-01   4.0380525e-01   1.2131005e-01   8.6385568e-02  -4.3661091e-01
   1.3541181e-01  -1.9774112e-01  -9.0969963e-02  -3.6766370e-02  -5.2138144e-02   1.8171604e-01   6.5070909e-02  -5.2664146e-02   1.2326702e-01
   1.8716973e-01   6.6490051e-02  -5.2555648e-02  -1.4210312e-02   1.0293937e-01  -3.9823724e-02  -9.4999877e-02  -8.3235013e-02  -1.2018611e-02
  -1.1709412e-01   5.8101472e-02   1.3110164e-01   1.5572884e-01  -5.9397974e-02   2.3838875e-01  -2.7020099e-02  -1.0993997e-02  -2.7891900e-01
  -5.0398193e-01   1.3047128e-01  -5.8172568e-01   3.2603581e-01  -1.6601304e-01   3.8287503e-02   3.8579702e-01  -1.0541871e+00  -3.8223329e-01
  -2.0541599e-04   6.1053757e-04   1.3017803e-01  -8.8611272e-02   2.7148435e-01   2.1930371e-01   6.4989946e-02   1.0277275e-01  -3.1521002e-01
  -2.5105761e-03   2.4890877e-01   1.1473806e-01  -2.6406557e-01  -1.1200702e-01  -6.8115063e-02   1.8371228e-01  -5.2631510e-03   2.6934648e-01
  -3.5272691e-01   1.4026947e-01  -4.4246931e-01   1.6892584e-01  -2.5368587e-01   7.1890048e-01  -1.1062734e+00   6.0473770e-01  -2.6217885e-01
  -6.4226659e-02   2.9977752e-01  -5.6304484e-01   2.9850152e-01   1.6367755e-01   1.0030165e+00  -1.4701428e+00   6.8771791e-01  -6.8520310e-01
  -4.3405740e-01   2.8022434e-01  -5.8661803e-01   7.1399792e-02  -1.0325626e-01  -3.9829384e-01  -3.4464399e-01  -1.0317655e-01   2.2004949e-01
   4.2009414e-01  -4.2369712e-02  -1.3460050e-01  -5.0635535e-02   1.4470050e-02   4.1161198e-01   2.3379646e-01   4.2457706e-01  -2.9757192e-01
   1.8491063e-01   3.7783855e-01   2.2534387e-01  -5.5349423e-02   1.3449772e-02  -6.0498806e-02  -1.8590832e-01  -7.0027669e-02   1.9575210e-01
   1.5521951e-01  -2.4175009e-01   2.0343121e-02  -1.1901981e-01   2.6564156e-01   3.3571715e-02  -1.4502710e-01   1.4874085e-01  -1.5149020e-01
  -2.6504764e-01   2.7517710e-01  -8.1931032e-02   2.1329367e-01   1.5724265e-01  -1.9903987e-01  -1.3782175e-01   4.1192407e-02   7.1181535e-02
  -3.6833475e-01  -1.4181301e+00   1.1161219e-01   2.6724616e-02   1.9342417e-01  -3.4643727e-01  -1.1870838e-01  -1.0568809e-01   4.3839842e-02
  -1.1706751e+00  -1.0610022e+00   1.7429234e-01  -6.0299759e-01   1.9655495e-01  -2.0882052e-01   6.1887578e-02  -7.3882771e-01   3.4845299e-01
   5.2391296e-01  -3.4309165e-01  -2.4206219e-01  -5.9981643e-02  -8.4168087e-01  -1.7795042e-02  -1.0271960e-01  -1.6616601e-01  -5.2519511e-01
  -5.7015138e-01   2.0293307e-01  -4.3816743e-01  -7.4640087e-02   3.6027642e-01   1.3033565e-01  -2.3821429e-01   2.8086387e-01  -1.1257732e-01
   1.9315912e-01  -4.3822776e-02   2.0734411e-01   1.8896638e-01  -2.5405165e-01   2.2707327e-01   1.7375684e-01  -1.2017781e-01  -3.0113694e-01
  -7.4103181e-01   2.8621224e-01  -5.7653968e-01   4.8525322e-01   3.3531637e-01   6.6761846e-01  -1.2684368e+00  -1.3882418e+00  -2.5352058e-01
  -1.8293623e-01  -6.0050025e-02   2.8766022e-01  -8.7299930e-02   5.0149546e-02   3.0750277e-01  -2.3848910e-01   7.5277305e-02  -8.7253761e-03
   3.5942843e-01  -1.5789007e-01   5.4668414e-01   9.9978040e-02  -2.2692775e-01   5.1005923e-02   4.1194976e-01  -1.2638216e-01   1.3456533e-01
   7.5729207e-02   2.3880569e-01  -5.9891043e-03  -1.1583187e-01  -3.3093785e-02   4.3966827e-02  -2.9415206e-01  -1.7381743e-02   2.7322444e-01
  -1.8687896e-01   3.9551640e-02   1.0471799e-01   2.5497174e-01   1.5924049e-02  -1.4574949e-01  -1.3677838e-01   1.0035256e-01  -2.5122790e-01
  -1.7023680e-01  -1.1502107e-01   4.6155290e-01   3.5951482e-02   5.4133757e-01   6.8373451e-01  -1.0629397e+00   3.0110388e-01  -6.0428615e-01
   9.1430033e-01  -2.6768724e-01   3.2739413e-01   3.0987986e-01   1.9992722e-01   7.8025529e-01   3.4745431e-01  -6.0981365e-01  -1.9140537e-01
  -2.8363003e-01   1.9899552e-01   9.7900212e-02  -1.2012038e-02  -1.2773843e-01   2.2660605e-01  -1.7012431e-01   1.7048065e-01  -4.2896165e-01
  -1.0238759e-02   1.6349676e-01  -1.3425857e+00   3.8880949e-01  -8.7167631e-01  -1.0924716e-01   3.5130863e-01  -2.4014581e-01   6.7360185e-01
  -3.7947271e-02  -3.5835337e-01  -1.1268787e-01   4.5485104e-02  -3.4041026e-02  -6.4195820e-02   5.3960482e-02  -3.0301755e-01  -1.3235758e-02
  -1.6881884e-01  -1.7503739e-01   1.3387486e-01   8.2632246e-02   3.4571126e-02   1.7228493e-01   7.3599174e-02  -9.7805795e-02  -8.3753611e-03
   4.7153028e-01   4.2631016e-01   6.9762338e-01   1.1973325e+00   1.2142682e+00  -1.3682876e-01   1.5141235e-01  -3.3596162e-02   1.9887072e-01
   6.1911274e-01  -5.4507861e-01   2.4676658e-01   1.0531153e-02  -1.7953340e+00  -2.8280140e-01  -9.8288349e-01  -4.5017798e-01  -2.1408264e-02
   7.9422730e-02  -1.7819832e-01   6.5884419e-02  -1.8908569e-01  -1.3891129e-01   1.2331057e-01   9.1077025e-02  -2.9442696e-02   8.9861318e-02
   3.8673476e-01   7.3996372e-02   6.7184825e-01  -3.3368905e-01  -9.8689501e-02  -5.3008331e-01  -4.7522781e-01  -1.1223229e+00   1.9387808e-01
   4.7348473e-02   1.0709692e-01   3.4498765e-01   6.4827582e-02  -2.3086985e-02   1.0732881e-01   2.3797689e-01  -1.2793788e-01  -7.5462697e-02
   2.7980419e-01  -1.7568446e-01  -2.3399910e-01   1.5084507e-01   4.7773390e-02   1.6046674e-01  -2.1742185e-01   8.1504326e-02  -6.8410234e-02
  -6.3200029e-02   2.2902806e-01  -8.8134260e-03  -9.8088943e-02  -7.4734482e-02  -4.1559512e-01  -8.3109179e-02  -2.0171010e-01   4.2642003e-01
   1.7425124e-02   1.4024650e-01  -5.9882298e-02   2.5856727e-01   1.0789827e-01  -2.6216740e-01   1.0655947e-02   2.4274781e-02   1.3345275e-01
   7.0857723e-01  -1.3408034e-01  -5.9548123e-01   3.0205780e-01  -2.3034660e-01   5.2047949e-02  -1.9078750e+00   4.6560774e-01   3.2557434e-01
  -3.2963437e-02   1.5438225e-01  -6.1876920e-01  -5.3263138e-01   1.3950293e+00   2.7463562e-01  -4.6686482e-03   1.3581329e+00  -2.5167740e-01
   1.6377846e+00  -9.6033897e-01   1.8473415e-02   4.2985799e-01   1.7410150e+00   3.8376840e-02  -7.6149913e-02  -7.1537153e-01   1.7711948e-01
  -6.1809564e-01   3.2448953e-01   1.0310766e-01   3.0445762e-01   1.1443546e-01  -4.7687820e-01  -2.8687378e-02  -1.5329612e-01  -2.0987841e-01
  -4.1246093e-01   1.8683284e-01   3.2689146e-01  -2.2473206e-01  -3.3484505e-01   1.0121792e+00  -9.2827478e-01  -5.2532785e-01  -1.9948455e-02
  -1.8207702e-02   3.8996988e-01  -7.9050897e-02  -2.7688309e-01  -1.9987665e-01   2.0660116e-01   2.4034397e-01   3.1031055e-01  -7.0013865e-01
