  -1.3039786e-01  -2.4480335e-01   3.8622423e-02  -4.0049846e-02   6.0766614e-02   2.1947104e-02   4.4826721e-01   5.4728735e-02  -1.6262758e-01
   4.9383713e-01   3.7553661e-01   1.7986328e-01   1.9238399e-01  -3.7774844e-01   3.0290762e-01   1.3299392e-01   2.3225773e-03  -4.5043570e-03
   9.7480406e-02   1.6109672e-02   1.8657651e-01  -8.4461869e-02  -2.6329688e-01   3.4072151e-02   1.5529077e-01   3.1225809e-01   3.5397676e-02
  -4.3914856e-02   2.1876266e-01   2.0777780e-01  -4.0254053e-02  -1.7383311e-01   5.1569991e-02  -2.8742494e-01   2.0398221e-01  -7.7370889e-02
  -2.9992152e-02   1.2739455e-01  -3.7041715e-02   6.2654273e-02   3.8574993e-01  -2.1311886e-01   2.6891578e-01   5.0265090e-04   1.9747967e-01
  -2.2919952e-01   1.5507062e-01   1.7880218e-01  -7.5048995e-02  -2.3299153e-02  -5.2424014e-02  -2.0215828e-01   9.8093297e-02   1.8294136e-03
  -3.4638446e-01   1.3256661e-01  -1.0991595e-01   1.0222375e-01   2.0647979e-01   4.6980791e-02   1.2315687e-01   1.2855373e-01  -6.9348846e-02
   4.9677688e-02   1.1520140e-01  -1.8734380e-01  -1.2540952e-01  -3.8942463e-02   3.5917119e-02   8.7777755e-02   3.0320647e-02   1.9897016e-01
  -3.2316418e-01   3.3620431e-01   1.3678716e-01  -2.1141256e-01   1.2360321e+00   1.3304903e+00  -1.4410702e+00   7.7559906e-01   3.8851634e-01
   3.5776331e-02   2.7953259e-01   1.4042478e-01  -1.4587772e-01  -9.5387685e-03   7.2759493e-02   7.5593233e-02   3.1756597e-01  -2.1853799e-01
   2.1501626e-01  -1.1808936e-01   3.4819448e-02   1.2338448e-01  -2.3189818e-01  -2.5386525e-02  -7.9198508e-02  -8.6194659e-02  -3.2204982e-03
   2.8530738e-01   2.8484393e-01  -2.4060436e-01   2.3345701e-01   6.6126568e-01   2.1829165e-01   6.8601688e-01   1.1671576e-01  -7.4618413e-02
  -5.2914111e-02  -4.0201607e-02  -4.1814769e-02  -1.4889375e-01  -1.4919034e-01   3.4292431e-01   3.7217201e-01  -2.5527273e-01  -8.7471447e-02
  -2.2601727e-01  -5.9191728e-01   1.2362049e-01  -3.2919109e-01  -2.2981747e-01  -1.5440835e-01  -4.1829117e-02  -9.0995931e-02  -2.0045545e-01
  -2.7890333e-01  -3.2178236e-02   2.0959519e-01   3.9919666e-01   1.3538150e-01   1.6272566e-01  -9.2217013e-01  -1.6822616e-01  -1.3664672e-01
  -3.4384312e-02   3.6257239e-01  -9.6653323e-01  -8.7599368e-01  -1.1412382e+00   6.3093577e-01  -2.9366328e-01   6.4583913e-01   4.9662604e-01
  -2.4972294e-03  -4.1229394e-01   2.8487058e-02   3.4241064e-02   1.4022527e-02   4.5098299e-01  -4.5969776e-01  -2.6689328e-01   1.3006346e-01
   3.5395989e-01   9.7962773e-01  -4.7706744e-01  -1.2788723e+00  -8.3821562e-01   3.8786306e-01  -1.0529595e+00   9.5419328e-01  -5.7289136e-01
   1.7609979e-01   6.1354423e-01  -5.2884911e-01   7.2045929e-01  -2.0365639e-01   3.2771883e-01  -1.4992133e-01   1.1401223e-01  -6.2289814e-01
   4.3240161e-01   2.1017351e-01   1.5704753e-01  -5.0077983e-01  -3.1133446e-01  -2.4250345e-01  -1.1853674e-01  -3.6040772e-01  -1.7317030e-01
   3.4724690e-01   2.1874856e-01  -2.2561188e-01   7.9958813e-02   2.2610398e-01   1.0559413e+00  -5.0428605e-01   8.1989547e-01  -6.4673266e-02
  -2.2205673e-01   3.6204508e-01  -2.3232760e-01  -2.4943202e-01  -3.4397227e-01   1.0907682e-01  -1.1104216e-01  -7.9844243e-02   1.9302119e-01
  -1.0388270e+00   1.2398693e+00   3.2093063e-01  -7.6833560e-02   1.8120316e-01   3.4025360e-01   2.4796429e-01  -1.0420461e+00   2.6173325e-01
  -5.5171336e-02  -1.4655873e-01   6.6720890e-02   1.6173556e-01  -5.3199938e-01  -3.4971147e-02   3.2095295e-01   2.0628143e-01   6.0031511e-02
   5.9203318e-01   1.3874916e-01  -1.5422885e-01   1.6888063e-01  -3.5125485e-01  -3.1868011e-01   1.2794311e+00  -7.6516264e-01   8.0248798e-02
   1.9045363e-01  -1.9057890e-01   5.7253636e-02   6.1504474e-02   3.8066414e-02   4.7001631e-01  -2.8879607e-02   1.8745810e-01  -2.2472806e-01
  -4.0847344e-01  -6.7405163e-01  -7.5169222e-01  -1.7919390e-01   5.5939261e-01   1.8009418e+00  -2.3865016e+00   1.6670380e-03  -7.5679454e-01
   3.2978141e-01  -6.8917338e-02   4.7334202e-02   1.1308924e-01  -1.8361945e-01   3.8103989e-01   2.1981890e-01   1.3340100e-01  -1.5102201e-01
   1.2531757e-01   3.5402823e-02   5.5550208e-02  -9.5643543e-02   2.2111891e-01  -5.1550471e-02  -5.3762370e-02   1.0644175e-01  -1.1981499e-01
  -1.1915475e-01  -5.2841829e-02   1.4808946e-01  -8.6067734e-02  -3.1759981e-01   4.5828235e-01  -6.1732743e-01   1.7148763e-01  -8.1601097e-02
   1.2341408e-01   6.4563911e-02  -2.4051483e-01   6.8022442e-03   1.7116984e-01   1.0535645e-01   3.3651404e-01  -2.4083560e-01  -1.0520167e-01
  -3.5696862e-01  -2.4647636e-01   1.8006125e-01   3.7561289e-02  -3.4347232e-03  -2.1697104e-01  -2.4111717e-01  -2.3855370e-01   8.4948006e-02
   3.3894532e-01   4.4553620e-02  -2.4797775e-01   5.0643152e-01   3.8873164e-01   1.0519359e+00  -4.5579506e-01   3.4896240e-01  -3.8097937e-01
   4.6634528e-01  -3.3549688e-01  -7.7181319e-02  -3.8949953e-01  -1.7407614e-01  -2.3804551e-01   3.1637277e-02   1.8095871e-01  -1.2216222e-01
   6.0842176e-02  -1.3690737e-01   4.9136902e-02   4.1844426e-02   4.4805940e-01  -1.6664753e-01  -2.2799917e-01   1.8888471e-01  -8.6554453e-02
   2.3643172e-02   2.0940403e-03  -1.2541083e-01   5.5281366e-02  -2.7748684e-01  -2.4429846e-01  -9.2291807e-03  -2.9376832e-01   1.8463870e-01
