   4.8072513e-01  -5.4440036e-01  -9.5306174e-01   3.6618513e-01   5.2209353e-01   2.0398655e-01  -4.0383795e-01   6.7066571e-02   3.6235535e-01
  -2.9447542e-01   1.5161887e-01   3.2756163e-01   1.9637312e-02  -1.3959049e-01   1.6939895e-01  -4.2316887e-01  -1.9970683e-01  -1.3094056e-01
  -1.9823061e-01   7.2885671e-02   2.5280413e-01   3.6967348e-02   2.2631041e-01   9.0187456e-02  -2.6775947e-01  -4.2953178e-02  -1.5270367e-01
  -1.0436841e+00   4.0036714e-01  -4.0091404e-01   3.5144397e-01   5.7141982e-01  -1.1476450e+00  -3.3865531e-01  -2.9057794e-01   6.2866572e-01
   3.5438073e-01   1.5642366e-01  -1.2128787e-01   2.3197857e-01  -2.8217908e-02  -5.6468889e-01   2.8606545e-01   4.3939102e-01  -1.5434824e-01
   1.5514399e-01  -6.3077823e-02   1.6415910e-01  -3.5733270e-02  -5.1367139e-01   1.1035097e-01  -1.9850316e-01  -1.8924864e-01  -5.5320563e-01
   1.3063508e-01  -2.4966999e-01  -2.2492796e-01   4.0217113e-01   4.0108847e-01   1.5864511e-02  -1.0823783e-01   9.6262343e-02  -2.4631577e-01
   3.3573834e-02   2.7091283e-02  -5.5430951e-02   5.2842112e-02   1.4964949e-01   6.0442550e-02  -4.2042458e-02  -3.0559788e-01  -1.9194977e-01
   4.7913284e-01  -8.2219001e-01   7.6174908e-01  -3.6310103e-01   4.8704809e-01  -5.0708738e-01   2.0992649e+00  -5.0646792e-01   4.0242581e-01
   6.9047566e-03   1.3687915e-01   1.7845559e-01  -8.9299555e-02   1.4094367e-01   4.7596775e-02   2.2136695e-01   1.1406377e-01  -1.5991012e-01
  -1.9036670e-02   5.0128517e-02  -7.4378028e-02   8.2418995e-02   6.6721879e-02  -4.2250006e-02   4.1065045e-02  -8.5962523e-02  -2.0984390e-02
   3.4661168e-01  -5.2177871e-02  -6.3763772e-01  -6.7213776e-01  -3.1795095e-01  -3.4796235e-01   2.5774481e-02  -3.0361819e-01  -2.8183971e-01
   2.5579691e-02   1.0357316e-01  -1.0875145e-01   1.1013460e-01  -2.3383352e-01   9.8216674e-02  -4.6626082e-01  -1.2221664e-01  -1.0772612e-01
   9.0994336e-01  -4.5862177e-01  -2.3452870e-01   5.5528420e-01   4.3535669e-01  -5.2048414e-01   8.8135352e-02   1.5089821e-01  -3.1985358e-02
  -2.8474550e-01   1.1407714e-01  -1.5011701e-01   4.4575980e-01  -1.2899094e-01   3.3371701e-01  -9.9379577e-01  -3.2377252e-01  -2.0897333e-01
   1.0207229e-01  -4.8771844e-02   8.1977476e-04  -3.1983891e-01  -3.5933279e-01  -1.7710819e+00   1.4932581e+00  -9.3703588e-01   1.1765395e+00
  -1.2419342e-01  -3.3263586e-01  -3.8029001e-01   2.7763462e-01  -1.0621694e-01  -7.3171612e-02   1.5542331e-01  -2.4220016e-02  -1.1103644e-01
  -5.4359146e-02   4.2676497e-01  -1.9595998e-01  -3.3122077e-01   9.3199646e-01   7.9910995e-01   2.6512510e-01   1.3725848e+00   2.2797859e-01
   3.4535230e-01  -2.4891027e-01   2.0390212e-01   4.4318188e-01   1.7107934e-01  -5.0541000e-01   5.9876783e-01  -9.3052769e-01   1.9267981e-01
  -6.6828879e-02  -1.1707609e-02  -1.5133341e-01   4.3966671e-01  -2.9169376e-01   1.0964051e-01  -8.2829722e-01   1.2633084e-01  -6.2356893e-02
  -1.9125265e-01  -2.5276947e-01  -5.8902677e-03   1.3750624e-01  -1.8182002e-01  -1.3671533e-01  -4.4201932e-02   3.5130846e-02   6.5405051e-02
   8.4696373e-02   1.7515786e-01  -7.8105513e-03  -1.9012784e-01   2.1344792e-01  -2.2830031e-01   2.7238931e-01  -1.3611877e-01   5.4365300e-02
   2.0380358e-01   2.2190234e-01   5.8830194e-02  -1.3780734e-02  -2.9036971e-01   5.1576988e-03   9.3786631e-02   2.8757257e-01   1.7046420e-01
  -1.2706189e-01  -5.6950923e-01  -1.6253803e-01  -3.1141120e-01   6.4410392e-01   3.4209747e-01  -6.9971595e-01  -9.6262522e-01   4.7637682e-01
  -5.3110976e-02  -1.8893514e-01   9.5519804e-02  -3.5624451e-02  -1.6087829e-01   6.2350727e-02  -2.3863363e-01   1.1064784e-01   1.4640254e-01
  -1.6223188e-02  -1.2906841e-03  -1.1080317e-01   2.0405197e-01   1.0195935e-01  -4.0635625e-01  -7.1157684e-02  -1.1778890e-02   1.6135578e-01
  -1.8506549e-01  -1.8230418e-01  -6.4303525e-02   8.8982971e-02  -6.9672320e-02  -1.1200686e-01   2.3564239e-01  -3.4991159e-02  -1.3662121e-01
  -3.1325118e-01  -1.6536950e-01   1.4751868e-01  -1.1053622e-01  -2.2481497e-01  -8.0630388e-02   1.1114023e-01   1.6412761e-01   9.4637904e-02
  -9.2090538e-02  -3.1362299e-01  -9.4943161e-02  -4.5954416e-02  -3.4014526e-01  -2.0930092e-01   8.8592553e-02   7.4505335e-02  -3.2479127e-03
   3.2077530e-01  -7.5395805e-01  -1.6004306e-01  -7.8981737e-01  -9.6302148e-01  -5.0331687e-01  -2.2523492e-01   1.2841343e-01   9.0914511e-02
   1.7907363e-01  -1.5297475e-01   5.1159656e-02  -4.3160074e-02   2.3074816e-01  -3.3069180e-01  -1.3960414e-01  -6.3909183e-01   2.0090936e-01
   1.5003595e-01   2.5498607e-01  -1.0677112e-01  -1.0790862e-01   1.6011832e-01  -2.0927552e-02  -3.2640489e-01  -2.2040787e-02   3.0098403e-02
  -1.2343552e-02   8.9477972e-03   2.1121783e-01   3.6976389e-02   1.8512813e-01   1.3113650e-03  -5.8385236e-02  -1.4487940e-01  -1.6626288e-01
  -1.6343101e-01   9.9838469e-02  -4.3582168e-02   8.3205017e-02  -1.7717333e-02   6.5726390e-02   2.6936699e-01  -4.9755178e-02  -1.0227499e-01
  -3.7792187e-02  -4.8128613e-01  -4.0601342e-01   2.2728393e-01   9.5472597e-01   7.1312851e-01   7.8419086e-01  -2.7867778e-02  -2.3452843e-01
  -4.3206569e-02   1.4923551e-01   2.9470224e-02  -8.6402968e-02   1.0816985e-01   2.6250710e-02  -1.0724284e-02   1.5898413e-01   3.0860640e-01
  -2.9821724e-01   1.7465123e-01   5.7494216e-02   1.0577680e-01   1.2076279e-01  -8.6940641e-01  -7.3075986e-02  -4.2609891e-01   2.8890376e-01
