  -6.6436619e-01
  -1.5237023e-01
  -4.1770724e-01
   5.2262859e-01
   1.5348605e-01
   6.6154729e-02
  -2.0036939e-01
   4.8303402e-02
   4.2519084e-02
  -5.6866790e-03
  -1.1113172e-01
  -8.6584418e-02
  -5.0023693e-02
  -8.1868839e-02
   9.1293406e-01
  -5.8943537e-03
   7.0636452e-03
  -1.0031239e-01
   5.9798263e-02
   2.8217545e-02
   1.1490840e+00
   7.9084964e-03
   1.0290705e+00
  -7.2917924e-01
   4.3130470e-01
   6.2970571e-02
   2.7980862e-02
   4.3096025e-02
  -3.4622324e-01
  -9.8532058e-02
   1.4164490e-02
   4.6159321e-01
  -2.1177514e-01
   7.4609749e-01
   2.5284572e-02
   3.1826291e-02
   1.9461946e-02
   2.2155460e-03
   8.0731870e-03
  -2.7705393e-01
  -3.2621078e-02
  -1.2770611e-02
   4.0609759e-02
