   1.2971583e-02   1.9674124e-04  -5.5286853e-04   4.0858107e-03   2.1838864e-03  -4.7085442e-03  -2.0268529e-02   3.5180310e-03  -3.3040602e-03   5.8179232e-03   5.9851307e-03  -6.8710940e-04  -2.2723023e-02   4.7062616e-03   7.4089902e-03  -8.1478299e-03   3.7089438e-03  -1.1842019e-02   5.3587242e-03  -2.2307293e-02   6.1256843e-03  -6.7464679e-03   7.4472614e-03   9.8430225e-03   5.1471628e-03  -6.0471431e-03  -1.1663673e-03   5.2510469e-03  -2.9196894e-03  -2.6401899e-03   3.1764633e-03   9.9705469e-04
   9.9719512e-02  -2.1689639e-02   3.4554293e-02   2.0055324e-01   2.3484137e-02   2.2556646e-02   3.8333945e-02   1.4235828e-02  -5.3503518e-02   1.0517852e-01  -3.6652760e-02  -2.5510356e-02  -5.2794830e-02   4.3201989e-02   4.8223444e-02   2.0881267e-03  -1.7285585e-01   6.1741720e-02   2.8021881e-01  -7.3670496e-02   6.1559984e-02  -1.3645940e-01   3.0492718e-03  -7.9156738e-02   6.9788809e-02  -1.5356623e-01  -2.9937941e-02   5.8189831e-02  -9.7488131e-03   3.4500751e-02   6.7625699e-02  -5.5756996e-02
  -7.6968028e-02   3.2100590e-02   7.5959355e-02   8.9744873e-02  -4.8040407e-02  -2.4172335e-02   7.4195828e-02  -8.6275215e-02   1.1578070e-01  -5.4752011e-02   1.3065086e-02  -4.3902076e-02   4.2420091e-02  -1.2280028e-02   1.6831394e-03   1.9554078e-01   5.3662413e-02  -8.8896657e-02   8.1189601e-02  -6.3513691e-02   6.5964068e-02   3.4193711e-02  -1.1906802e-01  -8.4010161e-02   5.4531229e-02  -5.0926283e-03   1.5338021e-01   8.4032349e-03   7.1019168e-02   4.6193361e-02  -1.3006891e-01   3.2934916e-02
   1.2665217e-01  -5.6703977e-02   1.9313764e-01  -2.2940654e-02   5.6634102e-02  -3.4009429e-01   3.6396173e-01   6.4925118e-02   1.6199169e-01  -3.9915406e-01   2.1623381e-01  -2.4480072e-01   2.5179802e-01  -2.7151404e-02   3.0152915e-01   8.4789785e-02  -3.9862640e-01   2.3530878e-01  -1.2730922e-01  -3.5677476e-02  -7.7129464e-02   6.7117863e-02   5.7223318e-01   5.1249702e-03   2.2702187e-01  -3.4833562e-01   5.8979624e-02  -1.5388928e-01  -8.1739882e-03  -1.6795932e-01  -2.6431362e-01   2.5890080e-03
  -3.1557574e-03   3.0117899e-03  -1.3950568e-02  -2.1144569e-02   2.2596324e-02  -2.7717375e-03   6.6779053e-02   1.9424400e-02   1.8779618e-02   2.4881662e-02   6.7775706e-02  -1.7537751e-02   1.4238478e-02  -9.7012889e-03   3.3126425e-02   1.7756417e-02   2.2893443e-02  -2.6836893e-02  -2.7714000e-02  -6.0516803e-02   6.3216327e-03  -4.1791398e-02  -4.9067560e-03   2.2239778e-03  -1.9343594e-02  -1.2852295e-02  -3.5841044e-03   4.1613123e-02  -1.5066859e-02  -2.8124461e-03  -3.8183105e-02   3.7344035e-02
  -1.0015601e-03  -8.5375515e-03  -1.0560642e-02  -3.3135150e-02   3.8527662e-03   6.1860349e-03   3.5015818e-02   3.0315411e-02  -1.2504752e-02   2.3244979e-02   3.1039518e-02  -7.9519279e-03   2.2655494e-03  -1.0312569e-03   1.9821080e-02   4.4235724e-04   8.9944278e-03  -2.1715389e-02  -6.0680395e-02  -5.7087372e-03  -1.2064755e-03  -2.7659970e-02   6.1114398e-03   1.2770480e-02  -3.1793803e-02  -2.3710573e-02  -1.5492774e-02   1.0891986e-02  -2.4049728e-02   1.6010294e-02   3.1411203e-03   3.4688570e-02
  -1.9767564e-02   1.5168048e-02  -9.2603595e-03   3.2931489e-02  -9.6920038e-03  -1.0950767e-02  -1.9407687e-03  -3.7628720e-02   3.0312735e-02  -3.1146071e-02   4.4716254e-03  -1.0760512e-02   8.8196503e-03  -1.4949127e-02   2.3700613e-03   3.3402342e-02   1.2214953e-02  -1.2201140e-02   1.5031475e-02  -4.1709628e-02   4.6001131e-03   9.0409458e-03  -2.0837024e-02  -2.4143982e-02   7.3031199e-03   1.2632595e-02   3.5392198e-02   9.3357478e-03   2.6616505e-02  -1.4799218e-02  -4.5756150e-02   5.7097968e-03
   4.1024716e-02   4.8079211e-02  -1.8054119e-01  -3.3985395e-02  -3.9614127e-02   2.9921660e-01  -1.2721962e-01  -2.0707420e-01  -1.5575916e-01   9.1446540e-02   1.5419646e-01   6.9436521e-02  -9.2309405e-02  -3.5941142e-02  -6.5298066e-02  -2.9119057e-02  -1.3813639e-01  -2.2603781e-02  -8.2648904e-02   5.7530735e-02  -2.6384120e-01   6.8409267e-02   1.7279161e-01   8.9410143e-02  -2.5621732e-01  -1.0165791e-01  -3.1126866e-02  -8.2169745e-02   9.1604369e-03   3.9748705e-02   1.7607507e-01   2.6301881e-02
   1.6942342e-02  -2.2497815e-02   7.5666163e-03   2.4841810e-04  -4.4855384e-02   2.6020445e-02  -7.9346647e-02   3.7546568e-02  -9.3383902e-02  -9.3341977e-02  -8.7112041e-02   2.4650871e-02   4.4202660e-03   2.5035299e-02  -2.7890743e-02  -2.3628657e-04  -3.9891160e-02   8.6878212e-02   2.2868747e-02   1.5691866e-01  -1.8079908e-02   7.7075200e-02   7.0872955e-02   2.9202125e-02   3.4631648e-02  -1.2981514e-02  -1.5067196e-02  -1.2846426e-01   4.2724261e-02   4.8524417e-02   6.4514748e-02  -8.1940909e-02
  -1.9769353e-01   3.5803037e-02  -4.6459382e-02   7.6913308e-02   3.7930246e-02  -2.4086830e-01  -2.4892066e-01  -7.0129810e-02  -2.8213462e-01   1.6333145e-01  -4.0556802e-02   1.3960368e-01   3.9158524e-02   1.0181207e-01  -9.0968199e-02  -2.0331055e-01   8.9725359e-02   2.8744689e-01   1.0122098e-01  -2.6796093e-03   1.4641306e-01  -1.9509472e-01  -5.4057354e-02  -1.0920092e-01  -1.5783404e-01  -1.1287328e-01  -6.4204989e-02   1.2099530e-01  -4.3360727e-02  -2.5250604e-02   2.0382723e-01  -3.9013344e-02
   1.5326364e-01  -1.0221362e-02   2.7433295e-01  -6.9207477e-01  -6.6368180e-02   4.3647183e-01   9.4333243e-02  -6.5270821e-02   5.9292501e-02  -1.7666109e-01   4.7455072e-02  -1.2353455e-01  -3.0594800e-02  -1.2489034e-01   2.1025096e-02   1.8647612e-01  -4.9659579e-02  -9.8138333e-02  -5.9921207e-01   3.8080745e-01  -3.1226838e-01   2.6289680e-01   1.1013008e-01   4.1293430e-02  -2.6880056e-01  -1.3292099e-02  -2.6025117e-02   1.5384010e-02  -3.1798206e-02   9.2625643e-02   3.5165187e-02   1.7478696e-01
  -9.8157451e-02   2.3089560e-01  -3.1757111e-02  -3.4418337e-02  -1.9177749e-01   4.4725571e-01   5.2031284e-01   1.8120029e-01  -5.4753437e-01   6.5605142e-02   4.0829010e-01   1.0714423e-01  -2.0971275e-01  -1.0773703e-02  -2.0278029e-01  -1.2422953e-01  -1.9344427e-01  -1.9739698e-01  -2.6737966e-01   5.1955262e-01   2.0956819e-01   1.5229489e-01  -1.8832333e-02   1.7307398e-01  -2.8785172e-01   1.2413694e-01   2.4609167e-01  -1.2026011e-01   2.2688324e-01   3.4038401e-01   2.9463620e-01   6.7378926e-02
   4.3900988e-02  -1.7670552e-02   2.1859043e-02  -7.4511023e-02   6.5161740e-02   4.1684529e-02   4.7075798e-03   7.6546916e-02  -2.9834010e-02   8.7142165e-02   6.0337220e-02   3.7144248e-02  -1.5443717e-02   1.6887788e-02  -1.4558602e-02  -6.2450945e-02  -1.5678573e-02   3.6470094e-02   1.8015203e-02   6.2703905e-02  -3.6656215e-02  -6.5540067e-02   8.1560389e-02   5.6688256e-02  -9.5698716e-03  -3.4801680e-02  -5.0509978e-02  -1.5016727e-02  -4.0078106e-02   1.8334209e-03   7.5956528e-02  -6.3801553e-03
  -2.6974478e-02   7.6829160e-03   2.3423579e-02   1.2871740e-02  -2.4300992e-02  -1.2786555e-02  -3.8203470e-03   2.4417561e-02  -2.0243226e-02  -1.5405647e-02  -3.7489699e-02   1.2674920e-02  -5.9309806e-03   6.9862408e-03  -1.6144811e-02  -1.9671566e-02   1.3039944e-02   9.0448224e-03  -2.4690756e-02   3.8696218e-02  -1.9151088e-02   6.4090574e-02  -1.7991513e-02   6.6520287e-03  -1.1549818e-02   2.1927113e-02  -2.8839207e-03  -7.0283386e-03   1.8797877e-02   4.3954629e-02   1.5467146e-02  -3.2211654e-03
   7.0090742e-03   1.5405008e-02   2.2777814e-01  -1.2252818e-01   4.3280770e-03   3.5650851e-02  -5.7748953e-02  -4.0837681e-02  -1.1798533e-02  -8.0707923e-02   3.6584313e-02  -4.2188712e-02   1.0441275e-02  -1.0332441e-01   2.3862821e-02   1.3027977e-01  -4.5819476e-02   7.7593435e-02  -3.1991712e-01   2.5729003e-01  -8.9995672e-02   6.5727059e-02   7.2692511e-02  -8.6427830e-03  -1.4092764e-01  -9.7633004e-03   1.0363392e-02   3.9221322e-02  -2.3528786e-02  -2.9509270e-02  -3.1803266e-03   5.1569112e-02
   4.0202017e-02  -1.5905134e-02   4.0697924e-02  -4.0460085e-02  -2.1463832e-02   9.2288603e-02  -6.1588036e-02  -5.6844272e-02   1.7729100e-02   1.9711388e-02  -3.1224396e-02  -3.1816078e-02  -2.5401222e-02  -4.1287449e-02   2.3992752e-02   5.4621081e-02  -9.7445989e-02   6.7482258e-02  -1.3474666e-02   1.0173293e-01  -1.4143803e-02   7.3941779e-03   6.2027875e-02  -1.2671751e-02   8.9120574e-03  -8.1437982e-02  -9.8040238e-03  -3.9960244e-02  -1.8018509e-02  -1.7590968e-03   5.6114063e-02  -6.5424282e-02
   4.5551310e-02  -8.3935480e-03   4.7405606e-02  -3.1588662e-01  -4.2858696e-03   2.5047466e-01  -9.5014390e-02   1.5726683e-01   1.0897455e-01   2.0823306e-01   1.1015391e-01  -1.1123971e-01  -4.8644173e-02  -6.9006717e-02  -5.4439413e-02   2.1311031e-01   3.7557190e-01  -3.3996967e-01  -3.5737059e-02  -2.4937773e-01  -2.7929271e-01   2.1464385e-01  -3.1797552e-02   8.0371066e-02  -1.1971315e-01   2.0722224e-01   1.2128463e-01   1.2352037e-01   8.6593028e-03  -4.4715053e-02  -1.4121742e-01   1.4889509e-01
   3.2773545e-01  -2.2855000e-01  -2.4104309e-01  -7.4417128e-02   3.6370563e-01   3.1000108e-01   8.4985466e-01   4.8058683e-01  -1.6024825e-01   2.3575363e-01   2.0737935e-01   9.3695766e-02   1.5479686e-01   1.6356639e-01  -2.1738087e-01  -3.4025906e-01   4.1542200e-01   1.8754981e-03  -5.4623114e-01  -3.8121557e-01  -1.6838380e-02   1.0064375e-01   7.6664582e-01  -2.8517936e-01   1.3972217e-01   1.2409289e-02  -4.6394115e-01   4.7994768e-01  -4.5303481e-01  -2.4946063e-01   1.7962898e-01   1.4420927e-01
  -2.9272423e-01   9.0521564e-02   6.0048982e-01   1.6850205e-01  -1.8926353e-01  -5.2134451e-01   4.2724970e-01  -5.2832471e-01  -1.5607008e-01  -4.1775573e-01  -4.4896358e-01   1.4525802e-01   1.8797564e-01   2.9722273e-02  -1.9068535e-01  -1.3065912e-01  -8.8924144e-01   3.6267148e-01   8.8831288e-01   9.1731659e-01   1.1582208e-01  -5.3502922e-01  -7.1725016e-01  -5.8393136e-02   6.4086125e-02  -3.9469677e-01   1.9017110e-01  -2.8011999e-01   1.9913121e-01   1.2395844e-01   1.8630503e-02  -1.5594451e-01
   1.1058274e-02   2.5964844e-04   8.9307552e-03  -1.6996380e-02   8.3362554e-03  -4.7683049e-03   2.8833224e-03   1.5606552e-02  -2.5078478e-03   8.7204487e-03   2.1112969e-02  -8.0137662e-03  -2.6879656e-03  -4.1425908e-03   1.4272404e-02  -7.1860641e-03   6.1785826e-03  -1.6913977e-02  -1.1141037e-02  -6.4820724e-03   1.6345144e-03  -1.6694538e-02   1.4007110e-02   8.7070029e-03  -1.1088016e-02  -9.7414716e-03  -1.1046725e-02   1.6616322e-02  -1.6799862e-02  -1.1354655e-03  -5.4959811e-03   3.2991867e-03
  -3.8736626e-02   4.4778669e-02   1.2705721e-01  -1.0501839e-01   9.8383249e-03  -2.4961970e-02  -9.1326096e-02   8.9218853e-03  -5.0039980e-02  -4.8879346e-02   1.0375306e-01   6.8581861e-03  -6.0748850e-02  -2.0746263e-02  -2.2693636e-02   4.8381256e-02   3.3603679e-04  -5.2686921e-02  -1.5958364e-01   9.7480628e-02   5.2984075e-02  -4.2939512e-02  -1.2788692e-02  -1.1050720e-01  -2.0321034e-01  -6.7866269e-02  -1.3353638e-02   1.5120193e-01   8.1610410e-03   7.5226215e-02   5.1340644e-02   9.9533937e-02
  -6.9638922e-02   8.6359787e-02   9.6629332e-02   6.3202703e-01  -2.8397324e-01   2.6524996e-01  -1.8101587e-01  -2.2850226e-01  -4.4036190e-01  -8.1710658e-02  -4.7184778e-01   2.5024060e-01  -1.6820233e-01  -1.7313168e-02  -4.6114551e-01   1.7741738e-01   8.7547660e-02   1.3040658e-01  -3.7412639e-01   6.4182678e-01   1.5180420e-01   2.5407270e-01  -8.4324121e-02  -3.3362246e-01   8.6869820e-02  -8.2471637e-02   2.0696356e-01  -5.2173049e-02   1.6312675e-01   2.7409150e-01   5.6281886e-01  -3.2209057e-01
   4.4996954e-02  -6.8268377e-03   2.7065398e-02   5.1120126e-02  -4.0618258e-02   5.7742245e-03  -1.8862096e-01  -9.8616156e-04  -5.6476236e-02  -5.8934931e-02  -1.1727871e-01   3.5160198e-02  -6.4824372e-02  -3.5242323e-03  -5.5484213e-02  -6.7853073e-02  -7.3918258e-02   2.6311982e-02  -4.3036353e-03   1.1303768e-01  -2.4738025e-02   3.5769622e-02   4.4288482e-02  -2.2905546e-02   3.9714416e-02  -1.3050804e-02  -6.9924581e-03  -1.1839485e-01   2.4758214e-02  -9.1207897e-04   8.7668281e-02  -1.0803353e-01
   5.6716886e-03   3.8448948e-04   2.0086768e-01  -8.0961301e-01   1.3454296e-01  -2.6042609e-01   6.3677611e-01   2.0058950e-01   7.2274726e-01  -5.2519284e-01   3.8570851e-01  -2.6242406e-01   1.3563151e-01  -1.3592316e-01   5.1629111e-01   1.0480588e-02   2.3569780e-01   3.6759005e-02  -7.3222329e-02  -5.0042127e-01  -4.6846029e-01  -8.4789641e-02   5.7022136e-01   1.4225718e-01  -1.0102248e-01  -3.7852323e-01  -9.0566795e-02   2.3822609e-02   6.5101439e-02   6.8147853e-02  -4.1127949e-01   5.3118726e-02
  -1.0284709e-02   1.5538052e-02  -1.3498368e-02  -8.6238415e-03   1.3514867e-02  -1.3896472e-02   5.2203583e-02  -8.5218596e-03   3.9103459e-02  -1.2822744e-02   7.1758835e-02  -2.5504141e-02   1.3547233e-02  -2.6839125e-02   3.2080398e-02   4.0909010e-02   2.8612764e-02  -3.7903023e-02  -1.3020033e-02  -7.9759731e-02   8.5537494e-03  -3.8288730e-02  -1.3530617e-02  -1.9101660e-02  -1.1106251e-02  -7.7732685e-04   2.4155373e-02   4.1460957e-02   6.6784508e-03  -2.2331282e-02  -7.1778106e-02   3.3708685e-02
   1.8089363e-02  -1.7700604e-02   3.6962376e-03   4.5982186e-02  -3.6858754e-02   3.6098222e-02  -1.4444231e-01   7.5236173e-04  -4.9360874e-02  -6.8852364e-02  -1.3895658e-01   5.3552155e-02  -3.9290588e-02   2.9592699e-02  -7.7138370e-02  -4.0851238e-02  -5.2515781e-02   7.0669266e-02   2.6592189e-02   1.1149013e-01  -2.0789199e-02   3.6829405e-02   3.4860979e-02   6.4626197e-03   4.1744329e-02  -1.9956585e-02   2.2360295e-03  -1.2591039e-01   4.1356423e-02   2.3357182e-02   1.0189648e-01  -9.3859788e-02
   1.3728191e-02  -4.8651453e-03   5.0803312e-02  -8.0750220e-02   1.4963654e-03  -5.2953043e-02  -3.1244706e-02   9.7875071e-02   8.1034887e-03  -2.6775283e-02   2.8193656e-02  -1.6215398e-02  -2.1844469e-02  -1.5782135e-02   3.0737757e-02  -4.0618315e-02   3.0473202e-02  -3.3790152e-02  -2.9006092e-02   2.0774702e-02  -2.7933401e-02   1.6171028e-02   2.9375499e-02   6.6089380e-03   1.3831205e-03  -1.2373466e-02  -1.4834764e-02  -2.8212483e-02  -1.8275303e-02   8.1446661e-03  -2.3169394e-02  -2.4647754e-02
  -1.0966532e-02  -2.8920911e-02  -1.1964614e-01  -1.2307596e-02  -7.6451925e-02   2.4633658e-02   2.3081223e-01  -8.6996347e-02  -5.6199007e-02  -3.7132068e-02  -2.1935510e-01  -9.1579632e-03   4.1438563e-02   1.4202668e-02   1.0304620e-01  -8.9571505e-02  -1.2682647e-01   2.9534109e-01   3.6213597e-03   3.9776112e-02  -7.3987348e-02   2.0188174e-01  -2.0044645e-01   1.5206459e-01   1.3393282e-01   3.1223818e-02  -4.3227562e-02  -1.2528795e-01   4.3155656e-02   1.9124042e-02  -2.4230809e-02  -1.2633603e-01
  -2.7024690e-02   1.4932923e-02  -1.6881342e-01   6.5165756e-02   1.8092454e-02   1.7844906e-02  -1.5681743e-01  -2.0107826e-01   1.6965694e-01   1.2431602e-01   8.0536397e-02   3.4359984e-02   2.8065528e-03   2.8971726e-02  -7.0512823e-02   5.5511300e-02   4.0876417e-02   1.7373175e-02   7.6942160e-02  -2.7429494e-01  -1.2422573e-02   1.8094633e-01  -1.7883536e-01  -1.0419889e-01  -6.3385179e-02   6.1180959e-02   9.9057585e-02   1.5416580e-01  -4.7154584e-02  -5.7505952e-02   5.3169025e-02   6.4525916e-02
