  -1.6987506e-01  -3.9885725e-01   1.4371845e-01  -2.6642487e-01   5.9938336e-02   1.3029918e-01  -1.1620309e-01  -1.2524461e-02  -1.7674149e-01
  -2.4428203e-01   2.1939070e-01  -3.4721700e-01  -1.8861131e-01  -2.1830791e-02  -9.7652327e-02  -1.3645242e-01  -1.2941469e-01  -1.6155128e-01
  -3.2426829e-01   1.8827797e-01  -2.2727152e-01   3.0077069e-01  -6.8523435e-02  -3.5199878e-01  -1.5585660e-01  -3.0250978e-01   1.3928366e-01
   7.8225290e-01  -8.7165907e-01   1.0413697e+00  -7.8593450e-01  -6.2659342e-01   5.3083243e-01   1.3912508e-01   5.5654310e-02  -2.8533443e-01
   4.2966276e-01  -5.5856820e-01   6.2552482e-01   4.0819805e-01  -4.6889600e-01  -7.5709578e-01   1.6900692e-01   7.3925159e-02  -3.3835967e-02
   3.0061550e-01  -2.5800968e-01   4.4800791e-01   7.8869220e-02   4.3470544e-01  -2.9995621e-01  -7.2700297e-01  -4.5845074e-01  -1.4754711e-01
  -4.1727545e-01  -3.5011765e-01   6.3726297e-01  -2.9274904e-01  -1.9509943e-01  -3.9774932e-01   4.7208795e-02   4.2163491e-01   2.7874247e-01
  -2.4598446e-01  -2.4056924e-01   4.2754642e-02   3.1307765e-02  -4.4889703e-02  -2.3026944e-01   1.5310744e-01   1.0950494e-01  -7.0378358e-02
   3.4664099e-01  -7.1722245e-01  -9.7741634e-03   6.3345164e-01  -4.0086744e-01   1.3725997e-01   1.1490793e+00  -8.1639157e-01   3.7654583e-01
  -1.4212946e-01   9.7938703e-02  -2.4277513e-01   1.4995776e-01  -1.1038360e-01   1.1357592e-01   1.0142609e-01  -8.9069930e-02   4.4819428e-02
  -1.5993111e-01   1.1567916e-01   2.1472538e-01   1.0045372e-01  -2.2463248e-02   5.0940884e-01  -7.8392719e-02  -4.1722735e-02  -3.5110150e-01
  -7.4392875e-02   1.7052958e-01   8.1860100e-02  -2.1708989e-01   6.1326467e-02  -1.8469869e-01   9.8399805e-02  -2.0145690e-01  -3.7952878e-02
  -4.4510204e-01  -2.9745353e-01   1.5545110e-01  -1.6078739e-01  -5.7666213e-03   3.3691377e-01   6.8637391e-02   1.1186079e-01   2.2649723e-01
   3.8581623e-03   4.7124152e-01  -1.2339745e-01  -5.2356879e-02   2.8535734e-01   6.8907711e-01  -1.5811638e-01   2.4992104e-01   2.4568791e-02
  -1.2470299e+00  -1.6524011e-01  -1.0964815e+00   8.9027880e-01  -2.7135510e-01   9.0380930e-01  -1.4421651e+00  -3.8238361e-01   2.8599560e-01
  -1.6864933e-01  -1.7599429e-02  -2.0939242e-01   9.6655034e-02  -1.6046180e-01  -1.0121894e-02   1.8113600e-01   3.4201180e-01  -1.4732229e-02
   1.8397436e-01   3.5738365e-02   1.4191758e-02  -1.9978045e-01  -1.8835033e-01  -1.2218659e-02  -1.0320445e-01  -9.5377340e-02   1.8852144e-01
   1.3308142e-01   4.7960052e-01  -5.0565160e-01   1.1262768e-01  -3.5496193e-01  -1.3389719e-01   2.7577859e-02  -1.0713005e-02   1.6108506e-01
  -1.8924978e-01   2.7679381e-01  -1.0322894e+00  -7.6694671e-01  -1.6712265e-01  -1.4695134e+00  -3.7136601e-01  -9.8507711e-01   7.4423614e-02
   7.6448882e-01  -3.5222015e-02   7.6853058e-01   4.5698086e-01   1.3886128e+00  -6.8472152e-01   2.1026808e-01   7.2279651e-01   1.6085073e-01
   4.5813751e-01  -1.6236328e+00   1.6598434e-01  -3.9836839e-01  -4.8795083e-01  -1.6544826e+00  -5.7740930e-01  -6.7107411e-01   4.9928487e-01
   7.4878053e-02  -1.5480675e-01  -4.7840914e-02  -5.2412072e-03   1.2892346e-02   1.8724302e-01  -1.5707794e-01  -8.2132268e-03   2.6551674e-02
  -2.9135387e-01  -7.0341705e-02   1.7541062e-01  -6.2356036e-01  -8.4685466e-01   5.4799296e-01   5.3296402e-01   1.2429199e+00  -1.4263692e-01
   7.7235453e-01   1.3596446e+00   1.0948208e+00   2.7889207e-01  -1.1916953e+00  -3.0604595e-01  -6.1283340e-01  -2.5160831e-01   7.5495511e-01
  -1.8181446e-01  -4.5027401e-02  -5.9093323e-02  -1.0248390e-01  -1.6672461e-01   5.3257533e-03  -1.3228512e-01   3.9784396e-02  -1.3802708e-01
   2.4076998e-01  -9.1600965e-02   9.4303026e-02  -9.0472942e-03   2.6455156e-01  -1.4578933e-01  -2.1731418e-01   9.9478067e-02  -1.7109379e-01
   1.5572260e-01   1.0985001e-01   2.0884343e-02  -2.9837397e-02   5.5890814e-03   2.4926559e-01  -1.7903340e-02  -1.0953859e-01   4.9807569e-02
   1.4046771e-01   2.8688568e-02  -4.3123274e-02  -5.2916965e-02   1.9696144e-01  -1.1595361e-02   4.2454263e-02  -1.1578575e-02  -3.9511441e-02
  -5.2064965e-01  -7.0932974e-01  -1.7594996e-02  -1.1361757e-02  -8.9206508e-03   7.4001313e-01   3.2753078e-01  -2.8831110e-01   6.4046769e-02
  -7.0741868e-01  -2.4524985e-01  -5.6448349e-01  -2.1680057e-01  -7.6300752e-01   1.7531137e+00  -1.0027359e+00  -3.5517285e-01  -9.4223754e-01
  -5.3277103e-01   8.9094974e-02  -4.8779907e-01   5.4783000e-01   4.3234290e-01   1.8069795e+00  -1.4873559e-01   3.0016195e-02   4.9456510e-02
  -1.6804783e-01  -2.2097582e-01   1.3559860e-01   2.0236018e-01  -4.8428088e-02   3.1180217e-01   3.3407295e-01  -1.8848537e-01   1.3420713e-01
  -2.8302674e-01   1.4088256e-01  -2.6238167e-01   1.4196462e-01   2.9840098e-02  -1.5121798e-02   2.0971868e-01   3.5076286e-01  -1.4537970e-01
   2.2796148e-01  -1.2023732e-01  -4.7725285e-03  -1.1909003e-01   2.0331688e-01   3.1319694e-01  -1.9178316e-01   2.9677567e-03  -1.1915167e-01
   4.1259736e-01   4.2316348e-02   2.7866547e-01  -3.6208093e-01  -9.7043675e-02   1.1118959e+00   3.1565250e-01   6.9839589e-01  -2.0442983e-01
  -7.8091850e-02   9.1414692e-02   1.8858438e-01  -1.1943876e-01   2.0689202e-02   1.2487879e-01   3.5131079e-02  -2.9474693e-01  -2.0405196e-01
   4.6971711e-02  -8.9038114e-02  -1.8878098e-01  -2.2584934e-01  -7.0230637e-02  -3.5863829e-01  -1.4597836e-01   4.2713029e-01   1.9930731e-01
  -9.5033306e-02   3.8040750e-01  -1.2521013e-01  -1.0177397e-01  -6.0917950e-01  -1.0436530e-01   1.5890548e-01   2.7176768e-02   2.4943027e-01
  -2.9796750e-02  -2.2213547e-01  -4.5594609e-02  -6.6835632e-02  -9.1105258e-02   1.8913529e-01  -1.3314559e-01  -7.5837178e-04   2.9145076e-02
  -1.3025820e-01   8.1257277e-02  -4.9252946e-02   2.5134975e-01   4.4955560e-02  -9.0374013e-02   2.6847851e-01   1.9068945e-01  -1.1666705e-03
  -4.1186670e-01   7.9910395e-01   2.6055191e-01   8.6899608e-01   1.0524782e-01   3.6503897e-01  -5.9639556e-01   1.5954058e-01  -3.8904845e-01
  -2.5445861e-01   2.0315621e-02   9.9477524e-02   4.9370105e-01   6.9135545e-02  -5.0795387e-02  -1.8937869e-01   1.8510122e-01   8.1275376e-02
