  -1.0051308e-01
   4.6745735e-02
  -1.5565266e-01
  -5.3778917e-02
  -1.8572309e-01
  -7.8007078e-02
   3.4694009e-01
  -4.2577914e-02
  -6.0659674e-02
  -3.6974033e-03
  -1.8546053e-01
   5.0774950e-02
   2.0188449e-01
   1.7116935e-01
   2.1153175e-02
  -1.3031985e-01
   3.3519179e-02
   5.8705067e-02
   1.0948978e-01
  -6.7072405e-02
   2.6419262e-02
  -3.0655987e-02
  -9.2846564e-01
   6.0593452e-02
  -2.4978169e-02
  -8.9163925e-03
  -1.2150775e-02
   9.9681396e-02
  -4.1611508e-02
   4.6255204e-01
   1.7781683e-01
   1.3058118e-01
  -6.3511030e-02
  -6.7441028e-02
  -1.4826846e-01
  -4.1050989e-02
  -2.7291579e-01
  -3.6473338e-02
   1.6248844e-01
