   6.6511945e-02  -2.7205804e-01  -4.1533065e-01   2.4713602e-01  -2.4246662e-01  -1.0552084e-02  -1.0807304e-01  -1.3031105e-01  -2.5246933e-01
  -3.4021122e-01   2.7159948e-01  -6.2815122e-01   2.7401813e-01   9.6897164e-01   2.3082479e-01   2.2430339e-01   2.6268984e-01   2.0357908e-01
  -1.2171523e-01   3.3961710e-01   2.0984384e-01  -5.3797568e-01  -3.5489028e-02  -9.9861835e-02  -8.0553709e-03   2.6699353e-02   1.4061393e-03
  -2.6819285e-02   2.7518317e-01   2.2179067e-01   3.2810134e-01   1.0855569e-01  -1.3247859e-01   3.7027616e-01  -2.7068375e-01   3.6111685e-01
   1.2477345e-01   2.9914176e-01  -1.0299012e-01  -6.3633215e-02   1.2831786e-01  -1.5164649e-01  -1.9310141e-01   1.6434521e-01  -5.0695408e-02
   1.7199207e-01  -7.2043288e-02  -4.3262988e-01  -1.5611875e-01  -1.7596870e-01   1.6197293e-01  -5.2657439e-03   7.9403257e-02   5.9212931e-02
   9.7624327e-02  -5.9204533e-02  -6.4478171e-02   1.0814398e-01  -8.9256856e-02  -4.8735088e-02  -5.5328823e-02   9.4966729e-02   1.2866878e-01
  -6.5162057e-01  -7.6561041e-01   1.0783579e-01  -9.7991309e-01  -6.7826484e-01   1.6267389e-01  -1.3769732e+00  -1.4560389e-01   1.7777024e-01
  -3.5583853e-01   3.4092794e-01  -1.1876219e-01  -5.0593318e-01  -8.9791701e-02  -4.7698380e-02   8.4181397e-03  -7.4031577e-02  -9.7680745e-02
   5.3312066e-01  -1.1446886e-01  -3.4430414e-02   1.7873869e-01   3.8584470e-01   6.8225007e-01  -1.0526304e-02  -1.3774082e-01  -5.0507516e-01
   3.2381301e-01  -8.9427465e-02  -1.6232269e-01   1.4783425e-01  -3.7768772e-02   2.5000851e-01   9.8465926e-02  -1.7802071e-01   7.0320823e-02
   8.5162284e-02   1.6537357e-01  -3.5925730e-01  -6.5566574e-02   2.0234598e-01   3.6631185e-01   1.9916786e-01   2.1771374e-01  -3.0082984e-02
  -3.4263813e-01   1.6461969e-01   1.3910792e-01  -4.2310055e-03   9.1979238e-02  -2.5483091e-01  -8.0530562e-02   2.4739068e-01  -7.0545537e-02
   6.3903782e-01  -5.8391990e-01   5.2667448e-01   2.4637802e-01  -1.3877536e-01   9.9019584e-02  -7.6847091e-01   5.1731867e-02   4.7197404e-01
  -2.7962689e-01   4.3814244e-01   3.7610463e-01   8.6688625e-01  -9.2632787e-01   1.3346297e-01   1.6741810e-01   2.4748956e-01   1.6445649e-01
  -8.6079133e-02  -9.1884459e-01  -5.0004926e-01  -2.1604835e-02   8.7731269e-01  -1.8831969e-01  -1.9888328e-01  -1.9518287e-01  -2.5349362e-01
   1.0925657e-01   2.2356628e-01   1.5216693e-01  -4.9999583e-01   1.7147263e-01  -8.4283237e-02  -4.7624480e-02  -4.3409973e-02   1.7788101e-02
   5.2564239e-01   6.9288617e-02   1.3983677e-01  -2.6159169e-01  -3.8055897e-01   9.5492166e-02   9.8338797e-02   9.2307685e-01  -1.3117168e-01
   4.6002240e-01  -4.3905182e-01   7.0612753e-01   3.3012501e-01   1.1318461e-01   4.7238143e-02   1.6327825e-01   1.1161838e-01  -2.6558960e-01
   5.3261954e-02  -5.4950589e-02  -8.6327746e-02  -1.5220687e-02   3.1992221e-01  -1.2593144e-01  -9.7068043e-02   1.8200066e-01   1.1305613e-01
   2.2830205e-01   9.6327476e-02  -2.1738094e-01   1.0583261e+00  -8.1095837e-02  -1.1575077e+00   1.0933097e-01  -5.4905584e-01   4.3255833e-01
   4.8824241e-01  -2.2241238e-01   3.3423731e-02   2.2576364e-01   1.7722852e-01  -7.9315802e-02  -3.4900863e-01   2.9965907e-01   8.8745338e-02
  -3.2052820e-02   4.4150190e-02   2.1648414e-03  -8.2557307e-02  -1.4442478e-01  -1.3076406e-01   6.3034270e-01  -2.0991466e-01   2.5661174e-01
  -5.9930659e-01  -8.3008057e-01  -5.3852864e-01  -5.0083799e-01  -5.6791523e-01   9.7820654e-01  -1.0042104e+00   5.4955875e-01  -2.0230143e-01
  -8.1658239e-02  -5.7696557e-01  -4.5073656e-01   1.9080413e-01   4.4823683e-01   1.2820875e-01  -1.7656569e+00   3.2083165e-01  -3.7719721e-01
   3.3798130e-01   1.5403554e-01   9.9346411e-02   3.1643053e-01  -2.4237611e-01  -2.2707334e-01   8.5350712e-01   8.3512430e-02   3.6195756e-01
   7.4132946e-02  -1.1595075e-01  -2.2421344e-01   8.5249987e-02  -7.0780292e-02   1.2731260e-02  -1.8237826e-01  -1.9090392e-01   8.2504964e-02
   3.0421857e-01   1.6436801e-01  -3.1158889e-02  -1.4354186e-02  -6.2895567e-02   1.0490294e-01   7.7463613e-03   1.4664349e-01   1.4377831e-01
  -4.4602677e-01  -3.5931762e-02   3.0728452e-01  -1.0813676e-01   7.2141580e-02  -1.6590669e-01  -3.6553323e-01  -1.8438234e-01   1.8959814e-01
  -2.3935821e-02   3.5764797e-02   1.3541869e-01  -2.1617005e-01  -2.4614374e-02  -1.1376528e-02   4.2612646e-02  -1.3497809e-02   1.5634855e-02
  -9.2915165e-01   4.3221288e-01  -1.5729764e-01   4.3537606e-01   1.2631118e+00   1.0245702e-01   4.0732822e-01   5.9389395e-01   1.0981392e-01
   1.3711238e-01   2.4293138e-03  -5.8958088e-02   2.5620451e-01   8.2761605e-03  -2.2046689e-01  -8.6268113e-02  -1.9007169e-01  -2.2466576e-01
   3.0736498e-01  -5.7139647e-01  -1.7179658e-01  -5.1616490e-01  -1.0528987e+00  -5.8867238e-02  -9.3621168e-02  -5.4211449e-01   5.4692917e-01
   1.0459173e-01  -1.6004209e-01   1.5045044e-01  -8.5601001e-02   3.2854547e-01  -6.6220128e-02  -5.4787176e-02   3.2163940e-02  -1.5599832e-02
   1.5885974e-02  -1.4322498e-01   7.8929577e-03  -2.0144238e-01   4.1842306e-01  -1.5927704e-01  -2.0975100e-02   1.0228472e-01  -1.8286762e-01
  -1.5334302e-01  -6.4020619e-02   4.8996422e-02  -5.4093876e-02  -2.0419718e-01  -4.7229168e-02  -5.2632710e-02   1.6107738e-01  -1.5142822e-01
