   4.4180668e-02   3.4020800e-02  -2.5382230e-01  -1.3946196e-01  -9.9639816e-01   1.9063435e-02  -2.2152294e-01   6.1248951e-01   1.8530896e-01
   1.2508540e-01   1.4597625e-01   1.6989255e-02   1.5245049e-01   1.8831061e-01   1.0946798e-01  -5.7879300e-02   4.0770307e-03  -1.6352416e-01
   6.2530081e-01  -3.2964748e-01   8.8046226e-02  -9.2706363e-02   3.8089957e-02   7.1400428e-02  -2.0313095e-01  -8.4791266e-02  -2.2119422e-01
   5.2125114e-02   4.4501123e-02  -4.0262870e-02   1.7765051e-02   8.4856255e-02  -1.2036507e-01  -1.7332189e-02  -4.1151072e-02  -8.3759142e-02
   5.8564900e-02   6.0658123e-02  -9.9059673e-03  -6.0021517e-02   1.1146542e-01  -1.4356224e-01  -3.2987340e-02  -7.9818524e-02  -1.0308344e-01
   9.9396288e-03   4.2441191e-02  -3.6469982e-02  -8.4811740e-02   1.3413171e-01  -3.4514921e-02  -6.7371714e-02   5.9101453e-02  -4.0113871e-02
  -3.6801790e-02   3.8500230e-03  -8.9766654e-02  -2.7822835e-02   9.3165820e-02  -6.9642599e-02  -1.7043855e-02  -2.1040541e-03  -4.7443082e-02
   6.1786381e-02   9.1702884e-02   2.1064121e-03   2.7388210e-02   1.6803813e-01   3.0603522e-02  -1.0408376e-02  -1.0403204e-02  -8.4578317e-02
   1.0029827e-02   7.2870594e-02  -5.5296495e-02   3.8292472e-02   1.4133035e-01  -5.3808953e-02  -5.0696083e-02   2.9193615e-02  -9.6102819e-02
  -3.9020769e-02  -3.5249253e-02  -2.3415416e-02  -2.5723056e-02  -7.2052169e-03  -2.8514022e-02  -4.5549758e-02   2.7352819e-02   2.2680723e-02
  -8.2311467e-02  -1.2291025e-01  -5.0401319e-01   3.2826788e-01   3.5972045e-01   6.1055540e-01   1.7948132e-01   2.0092151e-01   7.1468689e-03
  -1.8730953e-02   6.0769096e-02  -4.5954293e-02  -6.0239895e-02   1.4509168e-01  -5.7146947e-02  -7.3923499e-02   5.7554720e-02  -6.3641465e-02
   8.0636880e-02   3.8465110e-02  -8.7567903e-02   5.9925612e-02   6.6438103e-02  -4.0260143e-02   6.3575811e-02   2.9631760e-02  -9.1171608e-02
   1.8097333e-02   2.9814310e-02  -3.8099283e-02  -3.4573565e-02   1.2172777e-01  -2.9741162e-02  -2.2007787e-02   6.0525677e-02  -5.3643179e-02
   1.9530686e-01   1.8893379e-01   2.9098859e-01  -5.3636887e-02  -6.9053737e-01  -1.1888315e-01   2.5695329e-01   4.0214974e-01   2.7459778e-01
   1.9050985e-01   3.6393509e-03  -3.0133125e-01  -1.2253837e-01   9.2194064e-02   9.4421373e-01  -4.0413856e-02   1.2970740e-01  -2.7884921e-01
  -5.9609763e-02  -4.7741784e-02   8.5618395e-02  -5.7836763e-03  -6.5473260e-02   6.8083429e-02  -6.2854564e-02   1.7384759e-02   8.7973270e-02
   1.3801221e-02   2.4352750e-02   4.3218964e-03   2.7332619e-02   1.6124554e-02  -7.5282593e-03  -1.9397566e-02  -5.6569149e-03  -2.9950352e-02
   2.4384146e-02   4.5558990e-02  -3.7303585e-02  -4.0403706e-02   8.2082191e-02  -4.6264703e-02  -1.2043567e-02   1.9304197e-02  -4.4040990e-02
   1.0744537e-01  -1.1135439e-01   8.7879218e-02  -3.9792326e-01   2.5266384e-01  -1.5765270e-01  -3.5002456e-01  -6.9056438e-02  -4.5355277e-02
   1.4813978e-02  -2.4206366e-03   2.4581413e-02  -1.2723970e-02  -2.0170813e-02   2.0839181e-02   2.2354967e-02  -2.2645182e-02   7.9869221e-03
  -3.1576475e-02  -3.5038683e-02  -1.8855954e-02  -6.8371223e-02  -3.4845559e-02  -3.1325143e-02  -2.2137022e-02   3.3949608e-02   3.3681543e-02
  -6.0407446e-02  -1.3871707e-02  -5.6752250e-03  -1.1828816e-01  -2.7617332e-02  -3.9622976e-02  -1.8224865e-02   2.5791964e-02   6.2159336e-02
  -2.1680657e-02  -6.6086242e-02   9.5721202e-02   1.6025158e-03  -1.2201565e-01   8.9104002e-02  -4.8737475e-03  -5.9212531e-03   1.0037740e-01
   7.8875909e-01   6.3334344e-01   4.4292880e-01  -2.6536595e-01   2.2597262e-01  -4.6110051e-01   8.1232906e-01  -3.2253224e-01  -4.0772334e-01
  -7.3990375e-04   3.5511129e-02  -3.8306959e-02   1.6967231e-02   1.3151452e-01  -1.6564509e-02  -4.5825577e-02   1.4320284e-01  -2.9160733e-04
   1.1634650e-01   1.0609377e-01  -1.2644309e-01  -1.8624813e-02   1.5785414e-01  -1.3757733e-01  -4.2834538e-01   5.1186923e-02   3.8732622e-03
  -4.2112050e-01  -6.7037595e-01   3.1271844e-01  -2.4062390e-01  -4.8027837e-01   7.6067456e-01  -1.0962891e+00   1.3143577e-01   1.5942394e-01
   6.8900656e-02   4.0164241e-02  -2.8366026e-02   2.4155349e-02   4.3599787e-02  -1.6964996e-02   5.2872619e-02  -6.8288743e-03  -6.6704837e-02
  -6.8701087e-02  -1.4686098e-02  -2.5049757e-02  -1.3058125e-01   1.4693899e-01  -5.6240835e-02  -1.4003673e-01   1.2339460e-01  -1.8448322e-02
   5.9687054e-02   3.9675379e-02  -1.9735220e-02   9.4221055e-03   4.1624419e-02  -1.3051391e-02   3.8408853e-02  -1.6798095e-02  -5.4453770e-02
  -4.2977406e-01  -2.0009678e-01   3.7887604e-01  -2.2008617e-01  -2.0718454e-01  -6.2957990e-01  -6.7410711e-01  -4.0893577e-01  -2.4374995e-01
   8.4306573e-03  -1.5054068e-03  -2.3093862e-02   1.2296665e-01  -4.1660403e-02  -3.2863557e-02   3.9944496e-02  -6.7795464e-02  -5.2523569e-02
  -3.0826138e-01   6.3303456e-03  -8.8337708e-02  -1.8788124e-01  -7.8527450e-02   5.9001452e-03   6.1323872e-02  -7.3613014e-02   1.6023134e-01
   6.7234558e-02   1.9932188e-02  -6.1701677e-02   7.2212262e-02   5.0606252e-02  -6.1957349e-03   4.3523831e-03   1.8307574e-02  -6.8474764e-02
   9.0278415e-03  -4.6623706e-02   2.6583552e-02  -1.0149820e-02  -1.0011674e-01   3.2746372e-02   4.7490317e-02  -4.3889892e-03   4.2880236e-02
   3.6590218e-01   5.6065546e-02   8.5578651e-02   1.5173037e-01   2.1524003e-01   1.9185838e-01  -5.0785932e-02   5.1371829e-02  -2.1685725e-01
  -1.8821573e-02  -3.4704572e-02   1.1628321e-03   1.9108497e-02   4.6102075e-03   9.1234879e-03  -2.8820067e-02   2.0125321e-02   6.5559172e-03
   3.3026548e-02   5.2313927e-02   8.5102207e-03   1.1537864e-02  -1.2983198e-01   8.9439109e-02   8.6932252e-02  -1.4493607e-01   1.1376284e-01
   4.5811969e-01  -1.9983115e-01   3.0647445e-01  -2.4048651e-01   2.8989297e-01  -3.3363937e-01   6.5592228e-02  -1.4005567e-01  -5.7912231e-01
  -5.2674908e-02   1.8500713e-01   8.9496876e-02   1.3867523e-01  -6.5125060e-01  -3.1079869e-01   1.7338252e-01  -2.7157825e-02  -1.5359204e-01
  -6.2508475e-03   1.8999466e-02  -2.4611964e-02  -5.8236506e-02   7.0107215e-02  -4.1194905e-02  -4.2096827e-02   3.3371057e-02  -1.7438165e-02
   3.2660562e-02  -4.4980444e-02   5.9031522e-02   5.6719042e-02  -1.1788966e-01   6.7918470e-02   7.8243205e-02  -3.3199328e-02   8.2278717e-02
  -1.8168174e-01   4.8665022e-01   2.4084504e-02   6.4827877e-01  -2.0212405e-01  -5.4432747e-03  -7.3860754e-02  -1.0014323e-02  -5.4314073e-02
