  -1.5358485e-02  -1.5444143e-02   9.1847332e-03  -3.9149083e-03  -3.1756970e-03  -2.1528524e-02  -2.7032451e-02  -4.5840641e-03  -6.9642987e-03
   1.4196380e-02  -4.1838162e-02  -6.0568630e-02   3.7907129e-02  -2.0643442e-02   3.0395568e-02  -2.3932567e-02  -4.5460545e-02   6.5066946e-03
   5.2372218e-01   6.7573706e-02   5.5679697e-01   4.2760879e-01   7.7325718e-01  -3.0343135e-01   5.3013502e-01  -4.3533468e-01  -9.5318579e-02
   1.6749853e-01  -1.4311566e-01  -4.4982263e-02  -1.6050722e-02   9.9190026e-02  -4.2923560e-02   1.1913604e-01  -5.2143266e-02  -2.7861565e-02
   1.7211744e-01  -6.4550336e-02  -1.4226050e-01   7.1333902e-02   4.9554608e-02   3.1590223e-03   2.1975214e-01   7.3111618e-02  -9.3830282e-03
   4.2336289e-02  -3.0071363e-02  -1.3146710e-01   6.0573599e-01   5.5330818e-01   9.6582562e-02   5.7146168e-01  -2.6047676e-02  -3.3627040e-01
   4.9955411e-03   1.5325948e-01   1.7733663e-01   9.2055052e-02   8.8811122e-02  -1.2012334e-01  -7.5067036e-02  -1.3068056e-02  -4.2872514e-02
  -1.0349369e-02  -9.5828578e-03  -1.5868579e-02  -6.4171231e-03  -3.9058514e-02  -5.1873595e-03   8.4689409e-02   9.6333745e-03   2.7713390e-02
   1.4709589e-02  -5.3041885e-02  -3.8349582e-02  -1.3591635e-02   1.2733338e-02  -4.4895449e-02  -6.3238986e-02   2.7919393e-03  -1.8676657e-02
   2.0346060e-02  -8.1124739e-03   2.5905334e-02  -3.4945270e-02   4.0661650e-02  -7.5653163e-02  -3.7540845e-03   3.2499932e-02  -1.3349374e-02
  -1.2880615e-02  -3.8090558e-02   3.1061377e-02  -3.7185326e-03  -5.2180227e-03  -3.3243737e-02  -7.1702207e-02  -3.6739498e-02  -1.1773424e-02
  -2.9732089e-02   1.1122412e-01   3.9164868e-02  -9.3682575e-02   1.3705769e-01  -1.0711098e-01  -2.8798635e-02   1.6989443e-01  -3.4803847e-02
  -2.3562892e-02  -1.7601640e-03  -5.3331393e-02   2.9180812e-02  -6.7188331e-02   5.3197749e-02   4.0087298e-02  -4.2759953e-02   2.0665165e-02
   1.1404667e-01   1.0791364e-01  -9.3297710e-02   9.0614572e-02   1.0264166e-01   1.0267995e-01   2.3379462e-01   1.4285723e-01  -2.2850922e-02
  -1.1276586e+00   9.0681116e-01   2.4555600e-01   4.7897228e-01   5.1738877e-01  -2.0565048e-01   1.4706229e-01   3.0520057e-01  -2.8776642e-01
   2.4336125e-02  -3.1551413e-02   2.1405304e-02   5.3907936e-02   1.5162543e-02  -1.2297728e-02   3.7893766e-02  -7.2169645e-02   5.7995242e-02
  -2.6637733e-02   9.2274258e-02   1.4818669e-01  -1.0587142e-01   8.2128070e-02  -3.7027024e-02   7.0644818e-02   1.3399806e-01  -3.2281850e-02
  -7.9467163e-02  -4.3355476e-02  -2.1601868e-02   1.4131299e-01  -1.8075107e-01   1.5698033e-02   4.9294719e-04  -1.3159759e-01   8.5092273e-03
  -1.1683812e-01   1.6306208e-01   1.0884710e-01  -1.1243633e-01  -9.6855950e-02   1.3506062e-01   5.7057075e-02   1.0891863e-01   3.1018876e-02
   5.7872783e-02   4.3422319e-02  -2.9506645e-02  -1.3443666e-02   7.0268244e-02  -2.5196225e-02  -6.7385594e-02   9.2978442e-02  -1.3873010e-02
   2.9652699e-01  -1.7321469e-01  -3.1677778e-01   2.9678630e-01   1.7461618e-01  -3.5112354e-01  -4.0399724e-01  -5.3471983e-02   4.3758262e-02
  -1.8739200e-01   1.2305364e-01   6.1290660e-02   1.5295946e-02  -9.2127506e-02   3.8003902e-02  -1.2949319e-01   2.0476468e-02   1.8801126e-02
  -2.7173052e-01   2.3215625e-01   2.7679278e-02  -1.0368151e-01  -3.4405620e-01   5.3580725e-01   4.7407902e-01   8.2317041e-02  -1.5040099e-01
  -4.8023526e-01   5.3215945e-01   4.4595272e-02   4.9332547e-02   7.4506009e-02  -1.2156076e+00  -1.7324678e-02  -3.6512442e-01   3.4820704e-01
  -2.8453358e-01  -7.0066030e-03   3.2236681e-01  -3.6100966e-01  -3.0369570e-01  -2.3781879e-02  -5.1557720e-01  -2.6505806e-01   1.3804978e-01
  -2.0535568e-02   1.1837885e-01  -2.2197252e-01  -1.2739221e-01   7.1122346e-03   3.4419245e-01  -5.9530958e-02   5.1063417e-02   9.3349561e-02
  -7.2244359e-01  -1.3325814e-01  -2.2678447e-01   2.4214710e-01   9.3975650e-01   1.3789820e-01  -4.9892489e-01  -3.9032761e-02  -2.7952393e-01
  -3.5154778e-02   9.5466176e-02   9.3379679e-02  -4.0140921e-02   2.2285057e-02   4.4050988e-02  -2.5440871e-02   5.5192071e-02  -2.9542503e-02
   1.7560913e-02   9.6961389e-02   1.5306265e-01  -6.4347971e-02   8.7926806e-02  -2.0006137e-02   1.0621657e-03   5.0621976e-02  -7.9043656e-02
  -2.1432913e-02  -1.1281637e-02  -4.4001961e-02  -5.0296201e-03  -3.3678673e-02  -1.2142075e-02   1.6776950e-02  -1.1169080e-04   7.4813532e-03
  -2.0052844e-01  -2.9265183e-01  -7.2737125e-02  -6.3333795e-01   8.1223169e-01   9.4624494e-01  -2.6533684e-01   8.8865431e-02   1.0386118e-01
   8.4589290e-02  -7.7345900e-02  -4.5149463e-02  -3.6038821e-02   4.6407665e-02  -8.7674346e-02  -1.1854324e-02   1.7851954e-02  -4.0827172e-02
   2.9625184e-03  -2.3703969e-02  -3.4081349e-01   4.7965144e-01  -2.7815467e-02  -6.6932245e-01   7.5943062e-01  -1.9647569e-01   6.0533968e-02
  -3.6325262e-02  -1.2275527e-01  -3.8002121e-01   3.7456035e-01  -1.8157855e-01   1.8921451e-01   4.1675156e-01  -2.0466136e-02  -2.4680338e-01
  -2.3027466e-01   3.6820874e-01  -2.2027619e-01  -1.7147608e-01  -4.7477166e-01   1.5198873e-01   2.6194112e-01   4.5974857e-01  -1.0639039e-01
