  -6.7389323e-02   6.3133060e-02  -8.1532712e-02   6.4956008e-02  -5.9650672e-02  -1.6775235e-02  -9.8708015e-02  -1.8681030e-02   4.7908763e-03
  -3.5820864e-01   8.5795978e-02  -2.6827978e-02  -7.0079106e-02   6.8839907e-01  -1.7389928e-01   2.3433044e-01   2.6704816e-01   3.1383641e-01
  -9.7198812e-03  -2.9799458e-01   1.2180731e-02  -2.1820732e-01  -1.1373371e-01   2.8855730e-01   2.8979882e-01   7.9330621e-02  -3.1933765e-01
  -1.0505543e-02   1.2517786e-01   1.2533700e-02  -1.0032409e-02  -2.5249681e-01   1.2037232e-01   5.1469925e-02   2.7458946e-01   2.1432311e-02
   9.1950468e-03   6.4786747e-01   1.6456470e-01   4.0496904e-01   4.3271296e-01   3.1667143e-01  -8.8400088e-01   2.4338762e-01   1.5117589e-01
  -8.3253672e-02  -2.5127636e-02   1.2586146e-01   2.6345259e-01  -6.7886012e-02   9.7412506e-02   1.1456324e-01   1.8487196e-01  -3.7192745e-02
  -8.8068900e-02  -4.0770129e-02   2.6986575e-01   1.6228565e-05   2.8465927e-01  -1.9224779e-01  -2.2278224e-01  -1.6505865e-01   1.6151360e-01
  -1.0967354e+00  -1.0001302e+00   7.2061228e-01   4.4104939e-01  -6.1012435e-01  -3.5821728e-03   3.2126270e-02  -3.7650866e-02  -4.0577014e-01
  -2.3073001e-01   7.2307447e-01  -1.2447375e-01   1.3776201e+00   2.1175428e+00  -9.3957858e-01   4.4737619e-01  -5.2716795e-01   7.0933865e-01
  -9.2702390e-03   2.2925240e-02   1.3962139e-01  -4.4761485e-02   3.4343245e-02  -1.2802029e-01  -8.0121464e-02  -9.7504147e-02   7.3176526e-02
  -1.6715630e-01   2.0317303e-01   4.0676323e-01  -2.0338291e-01  -4.3374227e-01   7.2761280e-01   4.5771102e-01   1.7640096e-01  -7.1279808e-02
   5.1361128e-03  -4.3015855e-02  -1.9021106e-02  -1.1346676e-02  -1.2132689e-01   7.6285664e-02   6.2054920e-02   4.8913166e-02  -3.3421847e-02
   5.7797021e-02  -1.9252722e-01  -3.0404441e-02   4.6512712e-02  -6.4233346e-02   2.0738901e-01   3.3013283e-01   7.0189201e-02  -1.4711388e-01
  -1.0457599e-01   1.1620047e-01  -6.7618365e-02  -1.7474922e-01  -9.6332157e-02   1.0279456e-01   5.1887007e-01  -1.2218338e-01  -5.0827382e-01
  -8.0244930e-02  -8.0278243e-02   2.9167634e-02   3.9093029e-01  -1.6484111e-01  -3.6396518e-01  -4.0854784e-01  -2.9894216e-02  -1.2267181e-02
   3.8802371e-02  -4.1426734e-02   8.3525070e-02  -1.4566706e-02   7.7221904e-02   5.0144824e-03   1.5628748e-01  -6.3284657e-02  -3.1465792e-02
  -6.1441554e-02   9.3074925e-02   1.0630683e-01  -3.4470332e-02   2.0187148e-01  -2.2146611e-01  -2.1785033e-01  -1.7968466e-01   1.0219881e-01
  -5.1136177e-02   2.3276157e-02  -4.0523208e-02   9.2472447e-02  -5.7294865e-02   8.3900561e-02   2.3715806e-02   7.8409117e-02  -1.8442081e-02
  -1.7669285e-01   2.8117191e-01  -1.6575383e-01   1.6313250e-02   4.4511863e-02  -1.4354274e-01  -5.0317381e-01   3.5995883e-02   2.0712781e-01
   8.0822248e-01  -1.1285220e+00   3.7981729e-01  -3.3289008e-01  -2.2197549e-01  -1.8959075e+00   7.3964104e-01  -5.1691376e-01  -1.1208080e-01
  -5.2119574e-02  -5.0920966e-03   1.3206571e-01   3.5307837e-02   1.6232742e-01  -2.1251920e-02  -1.0972853e-01   4.5679324e-02   1.3618404e-01
   1.3714161e-01  -7.1880983e-02  -1.6702972e-01  -7.5977995e-02   3.3282395e-02   3.6172784e-02   4.7184301e-02  -7.4569461e-02  -8.3840238e-02
   3.2291552e-02  -7.6579433e-02  -1.0871756e-02   8.7710550e-02   1.2190362e-01  -1.2634047e-01   1.6618013e-02  -2.0992057e-01  -1.0687050e-01
   4.3816910e-01   2.8369312e-01   4.5811141e-01  -2.9632688e-02  -4.9061319e-01  -7.6774049e-02   8.4879301e-01   2.0919795e-01  -8.0602309e-02
  -1.8641964e-02   6.9482385e-02  -7.6730322e-02   2.4413091e-01   3.8753894e-01   6.6459921e-02   5.8348358e-01   2.2451922e-01  -1.3910468e-01
   2.1726311e-01  -1.3248330e-01   1.1045125e-01  -4.1289402e-01   1.9781042e-01  -2.6584406e-02  -1.1193401e-01  -8.6670919e-02   5.8478033e-02
   1.4413965e-01  -1.6721115e-01   5.3695071e-01  -1.0979904e-01  -1.2395689e-01   9.1896696e-02   8.0769286e-01   1.3718785e-01  -2.1979306e-01
  -1.2301107e-02   6.4059392e-01  -2.4019383e-01   7.9109026e-01  -1.0231903e-01  -4.6623011e-01   2.7158076e-01  -1.2279936e-01   2.6801595e-01
   3.2104201e-02   2.1944401e-02  -7.4789211e-03  -9.7141412e-02   3.3733578e-02  -1.6448154e-01  -1.0109082e-01  -2.0534115e-01   1.9015377e-03
   7.7726535e-02  -2.0064952e-02   7.1541521e-02   8.3076815e-02   1.2672839e-01   3.9725390e-03   2.1003175e-01  -6.3154244e-02  -8.2174089e-02
  -3.8471657e-01   4.6475305e-01  -1.1779546e-01  -2.6222146e-01  -1.4846718e-01  -4.6583248e-01  -6.3186832e-01  -1.9758098e-01   3.1941207e-01
   3.3138457e-02  -4.3887283e-02   9.6770047e-02  -1.1638531e-02  -1.2684930e-01  -2.5112980e-02   2.2348295e-01  -4.5543573e-02  -1.0082076e-01
  -4.0516376e-02   5.0273712e-02   2.0588232e-01  -1.1530418e-01   2.5267509e-01  -1.9277771e-01  -2.7377442e-01  -2.0345487e-01   1.1453811e-01
   8.8078433e-02  -5.5766213e-02  -3.6712201e-03  -1.1409216e-01   1.1774428e-01  -7.0196261e-02  -6.1433236e-02  -1.2334869e-01  -2.7862761e-02
   1.1645689e-01  -3.2471643e-02  -6.1550264e-02  -1.1420339e-01  -1.6940010e-01   5.5953526e-01   1.3461609e-01   2.2331837e-01  -1.2630760e-01
   1.3521397e-02  -6.4810059e-02   3.6556550e-02  -3.2476245e-03  -5.0950791e-02   4.1630528e-02   2.8631570e-01  -1.9581880e-02  -7.8155613e-02
   1.4301814e-02  -6.2791336e-03  -5.5351742e-02  -4.6588524e-02  -3.9713504e-02   6.5147287e-02   7.3958969e-02   4.5596894e-02  -2.6695188e-02
   2.8446270e-01   5.4430245e-01  -4.9376383e-01   2.6439363e-01  -2.9136979e-02   2.2352870e-01  -3.4341470e-02   4.6963234e-01   1.1326690e-01
   3.2224738e-01   7.8865290e-02  -1.2278984e-01  -4.1455734e-01  -1.4754370e-01   4.4519051e-01   8.2566585e-01   1.6197169e-02   3.2108703e-02
  -1.2035687e-01  -1.4660691e-01   1.3762860e-02  -1.5948439e-01  -3.1461353e-01  -2.2919790e-01   6.4810722e-01  -2.6369000e-01   8.9830997e-02
   1.2793679e-01   7.9581584e-01  -3.2835713e-01  -2.5435428e-01   1.4206604e+00   6.7807147e-01  -5.5945562e-01  -1.9877057e-01   4.5817665e-01
   5.3040894e-02  -2.2134570e-01   6.2151042e-02  -1.2837338e-01  -9.4511445e-02   1.8499511e-01   6.3466715e-01   2.1891860e-02  -2.0213415e-01
   8.2239941e-02  -1.2193826e-03  -8.0315688e-02   1.8929311e-02   5.4489623e-02  -7.1975997e-03   3.0379082e-02  -7.2267704e-02  -6.6163966e-02
   1.4892455e-01  -3.8430020e-01   1.6909030e-01  -2.7512413e-01   2.5903733e-01  -5.0271277e-01   1.4949228e-01   2.7785461e-01  -2.0415504e-01
  -1.3216643e-01  -1.4200392e-02  -1.3939614e-02   1.3943819e-01  -9.4843656e-02  -1.9223393e-02  -1.0843790e-01   2.4243416e-02  -3.8462328e-03
  -3.1457131e-01   3.9206436e-01   1.5144065e-02  -3.5258935e-01  -3.7023431e-02   3.0635736e-01   5.9018989e-01  -1.4406221e-01   1.1661169e-01
   2.3346766e-01  -5.7386258e-02  -1.6501891e-01  -3.9771548e-01   1.8093070e-01  -4.2797121e-01   2.8213606e-01  -1.5572377e-01  -3.6986753e-03
