   1.1643791e-03
  -2.2874513e-01
   1.6475912e-01
  -2.3451346e-02
   1.5956951e-01
  -4.0784770e-02
  -1.4036300e-01
   7.7164909e-02
  -3.0502403e-01
   3.0518515e-02
   1.6779726e-01
   2.4378218e-02
   1.6034205e-02
  -3.0941946e-01
   1.7600432e-01
  -1.7131422e-02
  -6.4860088e-02
  -2.7525994e-02
   8.2465803e-04
  -6.6331396e-01
  -6.4868470e-02
  -4.9287218e-02
   2.9122044e-02
   1.6377261e-01
   5.6185494e-02
   7.1125979e-02
   4.9386760e-02
  -5.8962467e-02
   4.2901126e-02
   5.0683997e-03
   1.1078606e-01
   7.7725989e-02
  -5.7380211e-02
   2.0044486e-02
  -6.8092392e-02
  -1.1026948e-02
   2.8805184e-02
  -2.4991342e-01
  -1.1889998e-01
   1.9055257e-01
   1.3771762e-01
  -1.7014131e-03
  -6.9722553e-03
   7.7703734e-02
  -5.4272797e-02
   4.1475568e-01
   4.2172550e-01
