  -1.1170531e-01  -1.6783861e-01   1.4313162e-01  -8.2239138e-02  -9.8111939e-02   7.2949134e-03   2.7312501e-01   8.3469875e-02  -5.9729901e-02   2.6290397e-02   1.2743835e-01   2.8975595e-01  -1.5524910e-01   2.4751540e-01   8.1694166e-02   8.6030480e-02  -1.1894872e-01  -7.3395454e-02
  -1.4376503e-01  -3.2181573e-01   2.8934592e-01   2.0842188e-01   3.3429112e-01  -1.8039741e-01  -9.0782960e-02   2.1754272e-01   1.3333615e-01   2.8929323e-01  -5.3054620e-02  -2.3594823e-01  -1.7421885e-02  -4.3714200e-02  -1.6076860e-01  -1.0811496e-01   5.0584503e-02   8.7554722e-02
   4.1323019e-01   3.8685126e-01   8.0758138e-03   4.4965904e-01   2.3437713e-02  -4.0876160e-01  -2.0223654e-02   4.7381493e-01   4.6460195e-01  -6.1788024e-01   3.4675371e-01   5.1605967e-01   5.4338524e-01   4.4914938e-01  -3.4579798e-01   1.1506762e-01  -3.2601882e-01  -3.4434153e-01
  -5.4796327e-01  -7.4894434e-01  -4.4952328e-01   1.4516645e-01  -4.9396795e-02   4.4859565e-02  -3.7573949e-01  -6.4756312e-01  -6.7505647e-01   2.1362619e-01  -4.1051497e-01  -6.9419339e-01  -2.9337536e-01  -6.8348326e-01   1.8375626e-01  -1.1325222e-01   2.1757355e-01   3.5136660e-01
   2.2389583e-01   1.6543474e-01  -1.8409083e-01   1.4600719e-01  -3.7529254e-02  -4.6036645e-02   3.2734381e-01   4.5717052e-02   5.2035949e-01  -5.9206281e-01   4.2868654e-02  -1.9437310e-01   1.4529045e-01   2.5689978e-01   1.1186936e-01   5.6252699e-02   2.1690501e-01  -1.8519208e-01
   3.7245234e-01   2.7066735e-01  -8.8249659e-01   4.5981926e-01  -1.8637924e-01  -3.5191782e-01   3.7714036e-01   6.7322230e-02   4.7580622e-01  -8.7375014e-01   2.8720740e-01   2.8401644e-01   3.4126318e-01   4.1074804e-01   1.6104217e-02  -8.9964955e-02  -2.0172561e-01  -1.9348352e-01
   2.0121251e-01   1.8236340e-02   5.9285904e-01  -3.3515911e-01   5.6146067e-02   4.8960223e-02   2.1817002e-01   4.2089854e-02  -2.6896049e-01   2.3887340e-01  -2.6553064e-01   2.0333702e-01  -1.1315141e-01  -1.7553407e-01   3.4947619e-01   7.1720099e-02  -1.9116888e-01  -2.8162101e-02
  -7.5467809e-02  -1.1156787e-01   1.2994392e-01  -7.6367251e-02   1.9451743e-01  -2.8483375e-01  -4.5989818e-01   2.0576622e-01  -5.3408054e-01   4.6617300e-01  -2.5594799e-01  -2.4698708e-01  -2.8923545e-01  -6.3405288e-01  -1.4828732e-01   2.5022873e-01  -7.0774815e-01  -2.3031968e-01
  -9.9381714e-01   8.8960008e-02  -7.8037391e-02  -6.0950531e-01  -5.8585901e-01   2.5730315e-01  -5.6699476e-01  -1.1147573e-01  -6.4020743e-01   3.2800607e-01  -1.4649417e-01  -3.3429917e-02   3.4913637e-01  -5.6884694e-01  -3.1121851e-01   3.1112556e-01  -3.0370749e-01  -4.3791376e-02
   8.8300145e-02   1.6296361e-02  -2.2842285e-02  -2.9193014e-02  -1.4562274e-01   8.4786359e-02  -3.9130419e-02  -5.4847651e-02  -2.5143139e-02  -1.3978401e-02   3.4674417e-02   4.8882323e-02  -6.5454171e-03  -1.0717581e-01   9.1585295e-03   1.2918963e-01  -2.3750172e-02  -2.3821880e-02
   1.0935273e-01  -3.2063189e-01  -1.5063193e-01   4.2144991e-01  -8.0717483e-02   2.8979293e-01   7.5312112e-02  -3.8862791e-01   4.1327017e-02  -2.4273963e-01   3.0134451e-01  -4.1383691e-01  -4.3319857e-01   7.2029535e-01   6.8769538e-01   6.4896472e-01   3.8135747e-01   6.4970309e-01
   2.5847217e-01   2.3758289e-01   3.4530771e-01  -1.7841480e-01   1.8401424e-01   1.7269867e-01  -6.3786166e-01   3.1437619e-01   4.8286896e-02   1.1491658e-01   2.8602621e-01   1.6583433e-01  -1.0881996e-01  -1.8533101e-01  -6.4422961e-01   4.6593908e-01  -4.9349486e-02  -2.4249130e-01
  -3.5377397e-01  -4.0145529e-01   9.2728947e-01   4.9317946e-01  -5.8735309e-01  -1.0010881e+00  -2.4419361e-01   6.3081317e-02  -3.5514602e-01   2.1347665e-01   9.9964657e-02  -7.7595062e-01  -6.1853591e-01   1.2786759e-01   2.9389660e-01  -3.5026434e-01  -2.4694339e-01   8.0910295e-02
