  -1.1442602e-01  -9.4923441e-04  -4.2025328e-01   2.1098028e-02  -1.0747973e-01   1.3266310e-01  -7.8324709e-02  -4.3466644e-02   2.2465759e-01   1.4014839e-01   1.3039078e-01   2.6115975e-02  -7.3728789e-02  -2.9226010e-01   1.6829478e-01   1.3562616e-01  -1.4849461e-02  -7.1234240e-02   3.7418125e-03  -6.1578301e-02  -2.6585193e-01   2.9528359e-01   3.5569838e-01   7.6827324e-02   4.9757905e-01  -2.3190145e-01  -5.4503614e-02  -1.6106087e-01   8.4297742e-02  -6.4640506e-02   1.3806727e-01   1.5075158e-01  -3.8019077e-01   2.1792479e-03  -7.4201347e-02
   1.8634167e-01   8.8320199e-02  -8.2724267e-02  -1.5263253e-02   8.0540499e-02  -2.3490948e-02   7.5748071e-02  -2.0592126e-02   7.8417591e-02   2.2150420e-01   1.2190273e-01  -2.3579667e-03   1.0643869e-01  -2.1719113e-01   9.7849034e-02  -6.6505582e-02  -4.8235119e-02   1.9931558e-01   1.3115230e-01  -1.7989758e-02  -1.6137994e-02   1.6381123e-01  -5.5772812e-02   8.5584773e-02   4.2070409e-02  -1.1619269e-01   3.8565652e-02  -1.2371788e-02  -3.5056273e-02   1.3724478e-01  -6.2345075e-03   6.8669063e-02   1.1830894e-01  -2.0515616e-02  -1.2843672e-02
  -7.4786124e-02   4.2896050e-03  -3.2987336e-01  -1.0546694e-01  -1.4111008e-01   1.2367577e-01   7.2725619e-02   1.8636853e-01  -2.7674663e-01  -2.7411785e-01  -9.0285331e-03  -1.4047951e-01   5.6909677e-02   8.8205917e-02  -4.1933027e-01   9.4643823e-02  -7.1611891e-03  -5.2674349e-04  -6.2479387e-02   7.8056545e-02  -2.9881221e-01   5.4406490e-02   1.3632766e-01  -3.4532770e-01   6.5148551e-02  -1.6251921e-01  -1.4194333e-01  -4.8341663e-01   2.1386293e-02  -6.7989608e-02   7.0130226e-02  -1.3496303e-01  -1.3938812e-01  -3.1387457e-02   1.1994765e-01
  -1.6761343e-02  -4.1130158e-02  -5.4329043e-01  -8.3299234e-03  -3.9347983e-02   5.3113135e-01   3.3387956e-02  -4.7381228e-01   1.2444599e-01   5.4963438e-01   2.9410648e-01   8.7115322e-02  -1.7912252e-01  -2.4398764e-01   7.1424876e-02  -1.9043861e-01   1.4915015e-01   1.8682455e-01   2.1606778e-01   4.7321719e-02  -1.0916165e-01   4.3563825e-01  -2.0839008e-01   1.4385775e-01   1.1185295e-01  -9.9053436e-02  -6.2640247e-02  -3.9411650e-02   3.6792670e-01   2.2892334e-01  -4.3230156e-02   2.8872296e-01  -3.9063507e-01   1.0845458e-01  -9.8247853e-03
  -9.6885434e-02  -2.5864559e-02  -1.1499926e-02  -3.6957408e-02  -5.4539321e-02   4.9751475e-02   4.3109751e-02   3.9967210e-02  -7.3905677e-02   4.4963995e-03  -8.3081246e-02   1.1140530e-02  -3.0410207e-02   4.1817890e-02   4.2183290e-03   1.3621158e-02   5.4362726e-02  -9.3911787e-02  -1.0996710e-01   1.0943431e-02   2.3069240e-02  -7.3666922e-02   1.3550960e-02  -3.0233263e-02  -2.1537748e-02   4.6359412e-02  -2.0600004e-02   2.0328004e-02  -4.4710836e-03  -5.6424191e-02  -4.5607485e-02   2.3433664e-02   4.5619293e-04  -7.9355279e-03  -1.3947581e-03
   8.8818371e-02  -4.0773432e-02   8.6407277e-02   9.0280726e-03   1.5237623e-01  -2.0600404e-01  -1.4633711e-01   1.1400614e-02  -2.8353950e-02  -1.3060274e-01   1.3021418e-03   3.1912538e-02   7.3042806e-02  -3.4688246e-02   3.1246410e-02   9.3940379e-02  -1.5686152e-01   1.1697065e-01   2.2537605e-01   4.1786732e-02  -1.4570909e-01   1.9467227e-01  -1.8310261e-01  -2.8814108e-02  -8.5483230e-02  -4.7559942e-02  -5.1948980e-02  -9.0658167e-03  -3.8406656e-02   7.7231231e-03   1.3327145e-01   7.7331542e-02  -1.9938093e-01   5.0701870e-02   3.1864240e-02
   3.3786659e-01   1.5121116e-01  -2.7557044e-01   2.1560433e-01   1.4564631e-01   5.3182340e-02  -1.7194504e-01   9.0819429e-02   3.2026128e-01  -4.0526207e-01   1.4535238e-01  -1.7288027e-01   2.9062737e-01   1.7485299e-02  -7.6197276e-02   2.0006383e-01  -3.5252623e-01   5.3808335e-02   2.7276844e-02   9.9807838e-02  -2.4918094e-01   3.2386509e-01   1.7750780e-01  -4.9582164e-02   2.4030273e-01  -1.4724946e-01   3.2587782e-01  -2.5290082e-01  -1.2296036e-01   2.0033349e-01   2.4753640e-01   3.3472064e-01  -1.2237239e-01   6.0769705e-02   2.0129612e-01
  -3.1120290e-01  -1.2899950e-01   1.8965985e-01  -4.6313844e-01   4.4109827e-02   7.4218304e-01   7.5967491e-02   1.6547792e-01  -7.5569728e-02   4.4968265e-01  -1.1900640e-01  -7.0019257e-02   1.3508640e-01  -4.1624864e-01  -2.8750753e-01  -1.2230149e-01  -7.2824803e-02   1.9663959e-01  -1.5141603e-01   1.6058217e-01   3.9658679e-02   3.9670984e-01  -5.3968418e-01  -5.3949496e-02  -2.8096044e-01   2.3398108e-01   2.6502674e-01  -5.4874354e-02  -1.4380110e-01   1.5470469e-01  -1.6116669e-01   5.3197322e-01   5.6766117e-02   1.6303168e-01   3.6775943e-02
  -6.3230356e-02  -2.5255869e-03   5.0409371e-02  -4.2014258e-02  -2.5519573e-02   6.5761207e-02   4.9002098e-02  -5.5291596e-03  -5.6979390e-02   6.6263452e-02  -3.3699260e-02   2.6114644e-03   7.4960067e-03  -4.8461898e-02   2.5393256e-02  -4.5444512e-02   3.6991482e-02  -9.7279973e-02  -6.0852065e-02   8.4199158e-03   4.9785643e-02  -2.4165887e-02  -2.7133487e-03   1.0746706e-02  -1.7977617e-02   4.9787291e-02   3.5885514e-03   2.8159074e-02  -2.3359678e-02  -8.8830882e-03  -5.9606101e-02   6.4593267e-02   4.2103095e-02  -2.0278980e-02  -3.0716017e-02
   4.6338295e-01  -2.7008548e-01   4.4034171e-01   1.7924191e-01  -1.2711396e-01  -6.5824622e-01  -2.3924347e-01  -1.4952096e-01  -2.4825243e-01  -5.6078344e-01  -2.5276325e-01  -1.0697484e-01  -1.9050911e-01   6.1494061e-01  -5.2741119e-01   3.9100158e-01   4.2265720e-02  -4.6510789e-02   2.8418613e-01   4.7517540e-02  -8.5060904e-02  -3.7307491e-03  -9.0266581e-02  -3.2473466e-01  -3.0754598e-01   1.1525828e-01  -5.8172525e-01  -1.5991285e-01   2.6504984e-01  -5.9461682e-02   8.0404248e-02  -6.0964492e-01  -2.6605143e-01   8.9202098e-02   4.7611248e-02
  -2.6361585e-02  -6.4164406e-02  -3.8735908e-02   2.4481784e-02  -7.7580075e-02  -3.8626304e-02  -3.9164646e-02   1.0604386e-01  -9.2564805e-02  -4.4037251e-02  -1.2620023e-01  -6.2612041e-02  -1.0222326e-01   1.2412461e-01  -6.9361174e-02   1.0925495e-01   1.2635930e-01  -3.3099295e-03  -2.9454484e-02   4.2211853e-02  -6.6386316e-03  -1.7161759e-01  -7.6667046e-03  -1.5051060e-01  -4.6658804e-02  -3.7203234e-02  -1.5896577e-01   5.3860311e-03   4.4650124e-02  -6.8561493e-02  -5.1037923e-02  -1.6368575e-01   1.3846599e-02   4.5151849e-02  -3.3948147e-02
  -8.5029792e-02  -1.8713514e-02   7.6205635e-02  -1.2669010e-01  -9.2134510e-02   3.5330189e-02   8.8356334e-02  -1.3549951e-01  -6.6296542e-02   3.5430339e-02   6.8334201e-02   5.4184700e-02  -5.1029994e-02  -4.0514262e-02   1.1075654e-01  -1.6476210e-01   1.0747955e-01  -1.7214472e-01  -7.5559345e-02   2.9464297e-02   8.1123387e-02   8.4891525e-02  -6.8291949e-05   1.3037149e-01   9.0519940e-02   8.5243233e-02   9.8177542e-02  -2.8775206e-02   6.8049622e-02   4.1462996e-02  -8.0516826e-02   6.6238542e-02   1.1485966e-01  -3.5467731e-02  -6.2416733e-02
  -2.2597037e-01  -8.8476093e-02   1.2104778e-01  -9.1604054e-02  -9.2825099e-02  -2.1700890e-01  -6.6411689e-02  -4.5386599e-02  -1.6101335e-01   2.3327106e-01  -1.1089469e-01   6.5450266e-02  -9.8995160e-02   1.2029299e-01  -6.4015054e-02   6.8982696e-03   5.6638223e-02   8.8344927e-02   3.1221281e-02  -1.4809692e-02   6.8131082e-02  -1.0878761e-01  -1.0784070e-01   6.7798516e-02  -2.0192001e-01   1.6585153e-01  -1.8404347e-01   1.3589920e-01   1.0030431e-01  -1.5405418e-01  -3.9070838e-02  -1.3785475e-01   6.2821984e-02   3.0979819e-02  -6.6773362e-02
  -1.1274282e-02  -4.6295923e-02  -7.5111490e-02  -3.0207175e-02  -2.4184482e-02  -4.0187899e-02   4.0116551e-02   1.1069304e-01  -2.1572470e-01  -9.8299940e-02  -9.1761513e-02   3.5029447e-02  -6.8403227e-02   8.3281675e-02  -1.8687493e-01   2.7497064e-02   2.0136691e-02   3.7243444e-02  -1.7046669e-01   3.0912116e-03   3.9105954e-02  -1.1097671e-02  -1.2237894e-02  -1.4625958e-01  -7.0029685e-02   3.7761703e-02  -1.3123801e-02  -2.5724680e-03   3.8941078e-02  -1.1269649e-01  -2.7219266e-02   1.3938663e-02  -3.9208628e-02  -1.4913785e-02   8.8230553e-02
   1.6948535e-01   1.6031493e-01  -2.6149593e-01   2.6414105e-01   1.3983233e-01   9.4268124e-02  -1.0804571e-01   2.1398866e-01   3.2074808e-01   9.7351686e-02  -1.7518102e-01  -1.9886550e-02   8.9568816e-02   1.1401754e-01  -1.4385949e-01   1.2854366e-01  -8.7380386e-02   1.0014580e-01   2.9304442e-02  -6.8640437e-02   8.5074366e-02  -1.6952029e-01   1.7598561e-01  -1.4268187e-01  -2.6895959e-01   3.8456855e-02  -1.5946325e-01   1.7012909e-01  -2.1516833e-01  -8.9263008e-02   1.0571369e-02  -3.2605265e-02  -1.3095344e-01   5.0328022e-02   1.0738684e-01
  -1.8534501e-01  -4.6774439e-02   8.3717982e-02  -4.8237240e-02   1.4946408e-01   1.1686988e-01  -1.8053753e-01   7.9661378e-02   2.2194976e-01   6.8360367e-02  -1.0695353e-01  -9.2076358e-02   5.2193545e-02  -2.2437831e-01   2.1235779e-01   1.8869801e-01  -1.3147978e-01   1.1678819e-01   1.4997295e-01  -2.1395717e-02  -4.0836434e-02  -2.0258663e-01  -1.7656238e-01  -7.3764982e-02  -7.0855149e-02  -2.2018134e-02  -5.9293515e-02   1.8097547e-01  -3.2797917e-02   2.9693361e-02   1.7333727e-01   4.5949840e-03   6.3537723e-02   1.8572954e-02  -3.0547868e-02
  -1.4574291e-01  -9.9147924e-02   1.7391337e-02   3.5190270e-02  -8.8439012e-02   6.6169821e-02   3.0238101e-02   1.2099539e-01  -4.8079012e-02   1.3250462e-01  -1.3035878e-01  -5.9559348e-02   1.1383810e-02   2.1039446e-02  -4.1880695e-02   8.0010420e-02   3.1304002e-02  -1.0356349e-01  -1.2578158e-01   4.8135923e-02   1.3689033e-02  -8.5347426e-02   2.6519850e-02  -6.6032593e-02  -1.0290940e-01   5.1142621e-02   1.9765489e-03   2.6860912e-02  -6.2903497e-03   3.5814598e-02  -1.0573239e-01   2.5609296e-02   8.7016782e-02   9.0721195e-02  -7.6326913e-02
  -1.0781892e-01  -5.0160530e-03   4.1574064e-02  -8.2100305e-02  -2.7128530e-02   7.3489578e-02   6.8305932e-02  -9.1330352e-04  -1.2297194e-01   6.8071749e-02  -4.0554675e-02   1.0487477e-02   2.0524552e-02  -4.9948463e-02   5.6336752e-02  -5.1354761e-02   4.2522157e-02  -1.0793955e-01  -1.0823284e-01   1.4234302e-02   4.0565257e-02  -3.0944121e-02  -2.6008523e-02   1.6114804e-03  -5.5572407e-03   4.2027868e-02  -6.4322697e-03   2.7298931e-02  -2.6412065e-02  -2.7478824e-02  -7.2871969e-02   7.7660367e-02   4.0317873e-02  -3.8146528e-02  -1.8581388e-02
   6.0617522e-02  -1.2964645e-01   3.5054353e-03  -7.0212349e-02   4.9395456e-03  -1.9459850e-01   7.7002124e-02   1.8326551e-01  -2.2655150e-01  -1.1988858e-01  -7.5004957e-02   6.7246288e-02  -8.9168791e-02   1.0923503e-01  -5.3576942e-01   3.3365992e-02  -4.1766249e-02   1.2701440e-01  -1.8980488e-01   2.9648307e-02   1.1145242e-01   1.0258229e-01  -2.0591712e-01  -1.7124746e-01  -3.0655477e-01   7.3710220e-02   2.5401227e-01  -2.8744930e-02   3.2014054e-02  -2.4859089e-02  -2.4758001e-04  -4.0104810e-02  -1.0528358e-01  -4.1397328e-02   1.8811445e-01
   1.3757557e-03  -1.3341808e-01   4.6912026e-01  -1.6043919e-01  -1.6347541e-01  -2.4088039e-01   1.3949771e-01  -3.2875614e-01  -2.1539363e-01   1.9621255e-02  -1.3416412e-01   2.6080976e-01  -2.1768029e-01   4.5561825e-01   1.1043529e-01  -2.5588793e-01   2.6042957e-01  -1.7044779e-01  -1.4477557e-01  -1.3565790e-02   1.9030684e-01  -1.1316794e-01   4.0416143e-03   3.7592947e-01   5.5960264e-02   2.6487870e-01  -1.7996992e-01   1.9353094e-01   3.6185803e-01  -1.5623227e-01  -2.5016031e-02   2.2132280e-01  -1.4635105e-01  -4.5061099e-02  -1.9137019e-02
  -4.2780731e-02  -2.4672662e-02  -2.2476503e-02  -1.3307819e-02  -2.2781905e-02   1.9149261e-03   1.4608640e-02   3.1591658e-02  -6.9132464e-02  -1.9266903e-03  -5.6491016e-02   8.9579364e-03  -3.0549646e-02   4.1432488e-02  -2.6563015e-02   1.6266246e-02   2.7642255e-02  -2.7041040e-02  -6.5129860e-02   1.5070983e-03   1.9834374e-02  -4.3106731e-02   2.7029499e-03  -3.8650433e-02  -2.6959836e-02   2.8393089e-02  -3.0974430e-02   1.3693697e-02   6.0730257e-03  -4.4910669e-02  -2.3679600e-02   1.8719085e-02  -2.3836384e-02   2.5211076e-05   7.6131258e-03
