  -3.2621341e-02   3.1204099e-02   2.8099691e-01  -7.5156482e-02   1.3220336e-01  -1.4293703e-01   2.5359786e-02  -3.2615748e-02  -2.4200772e-01
   1.8195723e-01  -2.7898098e-01   2.3225973e-01  -3.6529621e-01  -1.9738754e-01   3.4375202e-01   1.2482216e-02   8.0533531e-02  -3.2637963e-02
  -2.0516111e-01   4.2756968e-01  -4.6769777e-01   6.8502617e-01  -6.7650447e-02   1.4241865e-01   5.5835083e-01   3.7156413e-01  -1.7032472e-02
  -1.1306938e-01  -7.9833537e-02  -3.2358200e-01   9.5838185e-02  -1.2658143e-01   7.4017571e-02  -2.6119923e-02   6.6222339e-03   2.2016337e-01
  -2.2251254e-01   2.7903016e-02   1.5930430e-01  -1.5075061e-01  -3.6496110e-02  -1.4500624e-01  -6.4844151e-02  -3.7012651e-02   1.8363987e-01
   6.7274710e-02  -1.0437974e-01  -6.8531838e-02  -9.2887885e-02   1.4441257e-02  -1.0214929e-01  -2.2287105e-01   3.0968623e-02  -1.0616780e-01
  -1.0778473e-01   1.0159445e-01   3.2260325e-01  -1.7594149e-01   6.8026669e-02  -3.9795328e-02  -8.7619644e-02   1.7199896e-01  -5.5215355e-02
  -3.5283275e-01   6.7963074e-01   6.8818085e-03   9.7483548e-01  -4.7301577e-01   2.2756151e-01   6.4838637e-02   2.2413530e-01  -5.3180203e-03
  -3.6726158e-01  -1.1982312e-02   4.6750009e-02   5.6134310e-02   9.5585449e-02  -3.3081683e-01  -1.0975657e-01  -3.9282261e-02   2.2409515e-01
   1.5290234e-01  -1.8534812e-01   1.6891610e-01   2.9227212e-02  -3.0116966e-01   2.2872348e-01  -1.6380704e-01   2.5505209e-01   1.8893226e-02
   4.8389275e-02   2.2084992e-01  -6.4302465e-02  -6.9147256e-02   2.3202051e-01  -1.0756855e-01   2.2124652e-01   5.1616662e-02  -6.2328761e-02
   6.5147853e-03   2.1418641e-01  -9.9140155e-02   1.9825078e-01  -4.7710613e-01   5.2805735e-02   1.1329550e-01   2.9931834e-01   6.6953855e-02
  -1.3540331e-01  -4.5007121e-02   1.6910517e-01  -1.3597985e-02   1.7106010e-01   2.4405952e-02  -3.0084678e-02  -4.9283595e-01  -1.1425877e-01
   5.2646505e-01  -2.8869463e-01   4.5176771e-01   1.9973705e-01   8.8294162e-02  -1.0905018e+00   7.1445329e-01  -1.2861414e-01   2.4539203e-01
   1.7759550e-02  -3.8323477e-02  -1.3922433e-01  -4.4850980e-02   2.1470300e-01  -5.2344894e-02   2.3978365e-01   4.8620703e-03   9.5984305e-02
   1.6922922e-02  -1.3945301e-01   8.6638728e-02   1.5707984e-02  -1.6994717e-01   1.1953739e-01  -1.0839695e-01  -3.6365569e-02  -1.6569494e-02
  -2.8703417e-01   1.1074647e+00  -2.6291206e-01  -2.0189619e-01   1.2633748e-01   5.5280880e-01   9.0421891e-02   5.1778607e-01  -3.2155132e-01
   2.1843073e-01  -2.3268751e-02   3.6309793e-01   6.1081749e-01   9.0126441e-02  -6.3149829e-02  -2.1929574e-01   6.0430812e-01  -3.7497618e-01
  -8.5502417e-01   2.4613543e-01   5.1528671e-01   8.4510881e-01   1.7556809e+00   2.2090790e-01   5.0102245e-01  -1.4126641e-01  -1.5577188e-01
   2.1438153e-01   2.7403449e-01  -3.2678647e-01  -4.4844681e-01   3.1693840e-01   2.3843198e-01  -2.2394385e-01   1.3416714e-01  -7.3508394e-02
   9.0472115e-01  -1.0785331e+00  -4.0324482e-01   6.4232451e-02  -7.1973824e-02   6.5611788e-02  -3.1115978e-01  -2.3128540e-01   6.8420175e-01
   3.1198206e-01   2.8851933e-01  -7.3400310e-02  -3.3920977e-02  -1.0302403e-01  -2.6178757e-02   1.8341893e-01   2.5368078e-01  -2.9280875e-01
   1.2325352e-01   2.6636812e-01   2.8115940e-01  -1.3288829e-01   2.5484573e-01  -4.2355158e-01  -7.4787576e-02   3.4333129e-01   1.0481937e-01
   8.0277595e-02  -2.9316131e-02  -2.7794993e-01   1.1333609e-01  -1.0899097e-01   9.0087495e-02   3.0023664e-02  -8.1013076e-02   1.1160082e-01
  -2.9702085e-02  -1.0279788e-02  -2.1676285e-01  -4.8746464e-02  -5.5738841e-02   1.1157367e-01  -5.3121856e-03   4.1005516e-02   1.5264175e-01
  -2.2319631e-01   2.8023389e-02   5.4725819e-02   2.0255756e-01  -1.6382133e-01   4.8744933e-02   1.3701837e-02   1.4685647e-02   2.2094428e-03
   4.1378639e-01   3.2549761e-01   1.0209532e+00  -1.5812299e-01  -1.6502669e+00  -5.3295111e-01   8.7186476e-01   4.1031667e-01   1.7090431e-01
  -3.4184215e-01   3.1688421e-01  -3.9128124e-01   4.1356669e-01   4.7919692e-01  -3.3860598e-01  -4.9143160e-02  -4.8414440e-02   1.6874326e-01
  -3.2351440e-01  -4.0378886e-01   1.5624491e-01  -5.6188985e-01  -6.6003783e-01  -4.7758553e-01  -2.0766978e-01  -6.9487739e-01   5.2384366e-01
  -1.8278214e-01   9.0729250e-03   3.7528626e-02  -3.0579361e-01  -4.2647498e-02  -2.9412596e-02  -2.1746638e-01  -9.4798160e-02   2.0809848e-01
  -7.7003493e-02  -1.7758642e-01  -2.9397359e-01   9.1255535e-02  -1.7560111e-01  -4.5709438e-02  -5.3918543e-02  -2.8909562e-01  -5.0151938e-03
  -1.1075766e-01  -5.5817062e-05   4.7767982e-02  -7.2161727e-02   9.0860178e-02  -4.2092024e-02  -1.6734888e-01   6.4603206e-03   6.5342603e-02
  -1.1406628e-02   2.8442850e-01   3.3922389e-01  -1.7826788e-01  -1.5501336e-01  -8.4897927e-03   5.7511764e-01  -1.9770611e-01   1.3214448e-01
   3.4964536e-01   2.1366263e-01   1.0100921e+00   2.4338076e-01   3.5132676e-01  -7.3610581e-01   1.1514393e+00  -1.0839183e-01   2.7345051e-01
  -9.8270562e-02  -9.5254711e-02   2.7486714e-02  -1.7338599e-01   9.7058380e-02  -1.3667278e-01  -2.0460263e-01   7.8195982e-02   2.7524125e-01
   3.0122956e-02   3.7636791e-01   4.0144859e-01  -1.2187914e+00   1.6454930e+00   7.1027334e-01  -4.6140523e-01   1.7634074e-01   4.0959007e-01
   8.8701046e-02   5.4200471e-02   1.6812569e-01   1.1698207e-01   2.2356902e-02   2.0399784e-02   2.0169470e-02  -1.3311529e-01  -1.8684209e-01
  -1.1369916e-01   7.6104777e-02   9.9862501e-02  -2.1177038e-03  -7.8059007e-02   1.5378877e-02  -9.0283995e-02   3.2220947e-02   2.8100951e-02
   2.5075563e-02  -5.1719222e-02  -1.9331273e-01   1.8493259e-01   2.5226171e-02   6.9345092e-02   5.7016508e-02  -1.6957271e-01   7.1446710e-02
   4.2812190e-01  -8.6414178e-02   1.4173151e-01   1.5303070e-01   3.3764212e-01  -2.9385502e-01   2.2370434e-01  -2.6757970e-01   2.0135088e-01
  -1.6524911e-01   7.1680267e-02   4.7324184e-02  -1.3965185e-01   1.7665412e-01  -1.3480452e-01  -1.3855919e-01   1.5825854e-01   4.1379456e-02
  -2.5551362e-01   5.3460078e-01  -3.0416988e-02   3.9539221e-01  -8.6820008e-01   1.5192009e-01   1.8053815e-01   2.8324402e-01   3.8001622e-01
  -8.3202588e-02   7.3156691e-02   3.5291983e-02   3.9770034e-02   9.2095150e-03   1.8725555e-01  -1.4821352e-01   4.3977065e-02  -1.2056579e-01
  -1.9582407e-01   5.5764998e-02   2.0380014e-01   7.0298597e-02   2.0270163e-01  -1.3748588e-01   5.1858865e-02   1.5082000e-01  -2.2125713e-01
   3.2151959e-02   1.0521385e-01  -1.4697813e-01   3.5305711e-02   8.5359666e-02  -8.7772494e-02   1.2154361e-01  -3.0415670e-02   1.6489510e-01
   5.1608380e-01   1.3947094e+00   5.8650249e-02   4.0010538e-01   8.8072471e-02  -2.7197026e-01   1.5913931e+00   3.5498303e-01  -2.4047297e-01
  -8.3910191e-02   2.2307804e-01  -1.8227598e-01  -1.3823402e-01   2.4012019e-01  -1.3126274e-01   7.9233059e-02  -6.0672453e-02   1.9726012e-01
