  -3.6455868e-01
  -1.0092468e-01
   1.3355361e-01
  -3.6066914e-01
   6.8687840e-02
   2.8916386e-01
  -7.4669846e-04
   1.9784536e-02
  -4.3766421e-01
   2.5869482e-01
  -2.8526691e-01
  -9.5528560e-02
   1.7346130e-01
  -2.9313412e-01
  -5.1579270e-01
   9.9360378e-02
  -1.5905213e-01
   8.5604096e-02
   2.2552326e-02
   1.3540244e-01
   5.5081807e-02
   1.1495534e-01
  -4.9998748e-01
  -2.1143724e-01
  -6.0842208e-01
   2.0902409e-01
   9.4617423e-02
   3.8470522e-02
  -1.3318606e-01
   9.7355725e-02
  -5.2197402e-02
  -4.3435765e-01
  -1.8920169e-01
   4.7905925e-02
   7.9221707e-02
