  -2.0543689e-02
  -1.4992623e-01
  -4.2817433e-01
  -3.0156139e-02
  -2.7307861e-02
  -2.1855647e-02
   9.6866321e-03
  -2.1969012e-02
  -2.6445180e-02
   7.9226337e-04
   1.0694693e-01
  -1.4214056e-02
  -1.8147510e-02
  -1.6246274e-02
   3.1035691e-02
   1.7858022e-01
   1.8406119e-02
  -7.6170801e-03
  -1.3364824e-02
   1.6603483e-01
   1.7069412e-03
   3.7274035e-03
   2.6327675e-02
   2.4254454e-02
   1.9081213e-01
  -4.7580261e-02
   1.8210094e-01
  -2.4479667e-01
  -6.5166706e-03
  -1.9361440e-02
  -7.2183417e-03
   2.4618469e-01
   2.7754164e-03
   2.5390641e-01
  -2.5687852e-02
   3.8831002e-03
  -2.5069560e-01
  -9.7751747e-04
  -4.6030029e-02
   2.2004845e-03
   2.8700338e-02
  -5.4809622e-03
   2.1820896e-03
   2.3230518e-01
