   7.2982085e-02  -3.6666003e-01   1.7660520e-01   5.8027494e-01  -9.1127741e-01  -7.6753815e-01   9.6324728e-02  -1.2464763e-02   3.4224391e-01
  -3.5529793e-02  -3.9301283e-02   1.2708051e-01   2.5264536e-01  -1.2259274e-01   1.5803368e-01  -2.0302753e-01  -5.5173195e-02   5.6772661e-02
   8.7943481e-01  -3.1034023e-01   7.4945574e-01  -2.4650871e-01   1.1858615e-01  -1.1299859e+00  -3.1422238e-01   3.0156167e-01   2.3658638e-01
  -1.0397267e-01  -2.2881857e-01   2.6159124e-01   2.1447375e-01  -2.6851867e-01  -7.6484713e-02  -1.4067514e-01  -4.3092043e-03   8.4787956e-02
  -2.4734203e-01   7.9193187e-02   3.8979919e-02   6.5620394e-02  -1.7906577e-01   1.2680915e-01   2.9571952e-02   1.9089330e-01   1.2412467e-01
  -2.9466095e-01  -1.3052564e+00   6.8496229e-01   2.7230619e-01  -5.7115542e-01   2.1356720e-01  -2.0405518e+00  -2.5714659e-01   1.2902351e-01
   1.8162208e-01   1.0731892e-01  -9.9080917e-02   7.8746087e-02  -1.0881499e-01   5.0565612e-02   2.2795233e-04  -1.8478351e-01   6.0611630e-02
  -2.3443828e-01   1.2370479e-01   5.6848443e-02  -7.8508294e-02  -5.3673914e-01  -9.3142971e-02  -3.9557885e-01  -7.1360871e-02   9.6484068e-02
   6.6891325e-03  -6.9808230e-01   1.6142728e-01   4.1563900e-01  -8.1978005e-02   8.9387031e-03  -9.3430875e-02  -8.2878546e-03  -3.4679968e-01
  -2.4431652e-01   3.9665155e-01  -2.3266963e-01   8.2644900e-01   7.1185538e-01  -8.9204421e-04   4.2611537e-01  -2.0570708e-02  -9.7184825e-02
   4.1783090e-01  -3.2892294e-01  -3.4548921e-01  -8.1531711e-02  -1.4873079e-01   3.4383753e-01  -3.2377298e-02   9.5213237e-02   9.4813374e-02
   1.5387698e-01  -9.4933242e-02   8.8773712e-02  -3.5781672e-02  -8.2490409e-02   6.0609152e-02   1.5220953e-01  -6.2809584e-02   4.8240830e-02
  -3.0751805e-01   1.1670466e-01   2.1355688e-02   1.2650124e-01   9.5132314e-02   5.5002502e-02  -1.4982119e-01  -2.2756538e-03   2.7375890e-02
   3.1477861e-01  -2.1795166e-01   2.4340930e-01   6.9456496e-01  -9.8236514e-01  -1.1398450e+00   2.4487257e-01  -1.2983292e-01  -1.3103443e-01
   4.9440490e-01   1.8313176e-01   3.7366363e-01   8.3372108e-02  -2.5422656e-01   2.2307045e-01  -2.5895070e-02   8.9304160e-01  -2.8495504e-01
  -4.0533960e-01   2.0586831e-01   1.8375937e-01  -2.1852420e-01   9.8884215e-02  -1.2274766e-01  -9.8098364e-02   9.4144767e-02  -1.8678985e-02
   3.6887495e-01  -1.3498240e-01   1.7904447e-02   8.9629799e-02  -1.1618497e-01  -2.1205311e-01   6.0919129e-02  -1.4144857e-01  -6.4558486e-02
  -3.0389081e-01   2.7752679e-02  -2.0493890e-01   2.2645970e-01   1.8855991e-01   9.1812866e-02   2.1498072e-01   1.9712241e-01   2.3083816e-01
  -4.2313634e-03  -2.0819299e-01   9.2696588e-03   8.0684854e-02   2.5016570e-01   6.3828103e-03   1.6221153e-01   2.7452461e-01   1.4601814e-01
   6.7805015e-02   2.8827804e-02  -1.2990021e-01  -3.1175321e-02  -2.4539818e-02  -1.1451957e-01  -3.4958825e-02   6.4217349e-02   2.2852035e-02
   3.4696572e-02  -1.3413525e-01   5.8565522e-03   1.3602949e-01  -1.6531232e-01   9.5376626e-02   2.3781400e-01  -5.3848097e-02  -6.5676750e-02
   4.5860675e-01   2.5534039e-01  -5.2321413e-01  -3.6984024e-01  -1.1291814e+00   3.8036037e-02   2.2100651e-01   4.4710526e-01   4.6610871e-01
   9.2814430e-02  -2.5326014e-01  -6.7846105e-02   3.7029160e-01  -5.4428659e-01  -1.3327801e-01  -2.6253060e-01  -4.9170222e-01   4.1545346e-02
   5.5655067e-01  -3.7003197e-01  -4.3395008e-03   3.0431906e-02  -6.9583165e-02   2.1594102e-01   1.7461242e-01   2.6973648e-01  -2.2108695e-01
   8.3025719e-01  -4.0355038e-01  -2.6667911e-01  -6.7124597e-02  -1.7020109e-01   2.6426074e-01  -2.8878712e-01   5.1297562e-02  -2.3502009e-01
   8.6999575e-02  -9.4786685e-04   9.3063827e-02   5.5238896e-03  -9.9861889e-02  -2.8870057e-01   1.9865877e-01  -2.9192260e-02  -8.0106859e-03
  -3.5533742e-02  -3.7809989e-01   2.2289173e-01  -1.3524668e+00   4.5879211e-01   8.0871695e-01  -1.1369426e-01  -1.1690593e-01  -7.7211215e-03
   6.3319957e-02  -1.0443023e-01   3.3142025e-01   2.7897685e-01  -5.4853519e-02   1.5441718e-01   1.6016781e-01   1.8231339e-01  -1.9021418e-01
   2.8349726e-01   2.1376279e-02  -1.4017861e-01  -7.9436914e-03   1.1843727e-01  -1.5639322e-01   2.2233745e-01   2.4722006e-03   7.0332760e-02
   1.8484738e-01  -5.6284285e-02  -2.5137114e-01  -1.0511375e-01  -8.7365457e-02   1.5161082e-01   9.6482434e-02   2.9556348e-01   9.7700582e-02
  -9.5333555e-02  -1.1280165e-01   1.0435327e-01  -1.6636922e-01   1.4780100e-01   4.3928577e-02  -1.6036804e-01   6.0040455e-02   2.3676239e-02
   1.3030683e-01   7.7226973e-01   5.2213557e-01   8.2058148e-01  -1.3041534e+00   1.7977921e-02   4.0699787e-01  -3.4590568e-01   8.7250461e-02
   9.0128338e-03  -5.3026086e-01  -1.3690261e+00   7.5599206e-02   9.1179860e-01   2.4482523e-02  -7.4971373e-01   4.7756087e-01   1.9709891e-02
  -2.4869759e-02  -2.3617218e-02  -5.8822534e-02   8.6812901e-02   1.5780838e-02  -1.4714356e-01   4.2689383e-02   1.6805922e-01  -2.2582660e-02
  -1.6223878e-01  -1.6117803e-02  -6.9770964e-02  -9.8493392e-02  -3.0111008e-01  -9.3398912e-02  -9.9458155e-02  -6.0636359e-02   1.2854144e-01
