  -3.5543161e-01
   4.0673450e-02
   4.2593834e-01
   7.3789659e-02
  -1.3921631e-01
  -2.4040924e-01
  -1.4235294e-01
   2.3122823e-01
   5.2850182e-01
  -4.0932270e-01
  -6.5364904e-02
   2.5837272e-01
   9.4737484e-02
  -3.4501356e-01
   1.8359787e-01
  -1.5499539e-01
   3.9446138e-01
  -2.8330025e-03
  -1.5992644e-01
   2.5863092e-01
   2.5841128e-01
   2.1327175e-01
  -1.6761209e-01
  -9.2763290e-02
  -2.2780754e-01
   5.0607102e-02
  -1.8171059e-01
  -4.3803555e-03
  -1.2560257e-01
   1.0759455e-01
  -2.6017065e-01
   2.1965682e-01
   2.8384275e-01
   4.3997946e-02
   1.7043855e-01
  -4.3313956e-02
