  -1.5169636e-02
  -2.3378548e-03
  -2.5883973e-03
  -1.0775871e-01
   6.2170848e-02
   3.1328702e-01
  -3.6338931e-02
   1.5160279e-02
  -3.1727229e-02
  -3.0424662e-02
  -3.3822438e-02
  -7.2597007e-02
   4.5935835e-02
   1.4712345e-01
  -9.3915510e-02
  -3.4986324e-02
   4.9146312e-02
   1.0091229e-01
   1.0642081e-01
  -2.8614180e-02
  -3.4601300e-01
   8.7416564e-02
   1.5767407e-01
   9.0101669e-01
  -3.8065063e-01
   2.0156661e-01
   9.0989414e-02
   3.0729308e-02
   3.5289922e-02
   1.6264871e-02
  -1.3279253e-01
  -5.9778614e-02
   2.8012705e-03
  -2.4551367e-01
   3.7131470e-01
