   2.5807069e-01  -2.3670738e-01   1.7940943e-01   4.4384174e-01  -1.3526451e-01  -1.0516585e+00  -2.5384619e-01   1.0436047e+00   6.5606555e-01
  -1.5194103e-01  -1.7152097e-01  -2.7771005e-01  -2.7506306e-01  -1.2823315e-01  -9.5346271e-02   3.4972796e-03  -2.1608520e-01   1.4748418e-01
   1.3995733e+00  -1.1659503e+00   6.4119713e-01  -5.0621343e-02  -4.2049117e-01  -5.8783503e-01  -8.8343993e-04  -4.4736713e-01   9.2888492e-01
  -1.8341422e-01  -6.3449343e-02  -9.1445331e-02   5.9980562e-02  -8.5174335e-02  -1.4802234e-01  -5.8385682e-02  -1.3223915e-01  -2.6650773e-02
  -3.9364209e-02  -2.6670968e-01  -3.4096316e-02  -1.3241465e-01  -2.4175557e-03   2.1307632e-01   5.5490606e-03  -1.6183183e-01   2.2409205e-02
  -7.5679709e-01  -5.2891106e-02   1.1599546e-01  -2.5869893e-01  -3.2594534e-03   9.9070251e-02   3.7697351e-02   1.7745878e-01   4.3772231e-02
   1.1935183e+00   1.2049198e+00  -3.3313184e-01  -2.9343297e-01  -1.5932612e-01   6.6997563e-01  -4.4000944e-01   6.3243417e-01  -2.8811464e-01
   4.0104949e-02   2.3278183e-01  -9.5580714e-03   1.4292863e-01  -1.1570271e-01   2.5495201e-01   6.8313069e-02   1.0022725e-01   1.3317528e-01
   4.5055447e-01   2.3567231e-01   7.0379156e-01  -1.5992831e-01   1.5920711e+00   1.7725337e-01   6.2727193e-01   6.1832326e-02  -5.6556033e-02
   6.9597306e-02  -1.7968818e-01   7.0331640e-01  -4.2249255e-01   5.5233043e-02  -1.5060830e+00   1.4790065e+00  -1.4589407e-01   4.3247462e-01
   3.2632661e-01   6.2470781e-01   2.9482534e-02   1.2508962e-01   2.5173195e-01  -4.4036624e-01   1.8480208e-01  -8.9115905e-01   1.9423100e-01
  -7.9961781e-01   4.9711554e-01  -2.0522148e-01  -1.4295402e-01  -1.1093375e-01   4.3171952e-01   2.8658515e-01  -5.8525774e-01   3.1289796e-01
  -1.9187544e-01   1.7315628e-01  -9.2482144e-02  -1.4759285e-01  -4.7868231e-02  -3.4051654e-01   9.9967092e-03  -2.6804051e-01   1.9355204e-01
  -1.1049454e-01  -1.0459787e-01   3.6011363e-01  -4.5525666e-02  -1.3877700e-01  -7.4180492e-02  -1.9313556e-01  -6.2743964e-02  -3.9944250e-01
   3.4565334e-01   1.0888660e-01   1.4029819e-01  -6.0166456e-02  -2.6435215e-01   1.3820297e-01   1.1621279e-01   2.9978401e-01  -7.3949509e-02
  -4.2905655e-01  -1.1930281e-01   3.7128696e-01  -2.8486413e-01  -4.4210873e-01   4.4552460e-01  -3.9273786e-01   8.4476830e-02  -7.2358807e-02
   1.6055925e-01  -8.8606541e-02  -2.3091872e-02  -1.3304888e-01   1.7790071e-01   1.3025535e-01  -4.0925468e-02  -6.9904916e-02   5.2977430e-02
   2.9973137e-01  -4.2982050e-02  -2.8336272e-01   2.8987094e-02  -2.7286584e-02  -9.0889921e-02  -5.3632205e-01   7.9188563e-01   3.0175194e-01
   2.0197214e-01  -9.5814650e-02  -3.2570937e-02  -3.1896961e-02   2.9190549e-02   1.9253664e-01   1.0359948e-01  -1.3074487e-01   3.1987831e-03
   2.6223552e-01   2.3544013e-01  -4.5443294e-01  -2.5916967e-01  -2.7285478e-01  -8.9821957e-02  -1.9964801e-01  -4.7911975e-01  -3.3097432e-02
   8.6403897e-01   8.8373156e-01  -3.8199837e-01   4.3390492e-01  -2.6007017e-01  -7.6461072e-01   1.0576923e+00   1.1965016e-01   6.2167988e-01
  -5.0348790e-01  -1.7616248e-01   2.0410951e-01   4.5413089e-01  -9.7803096e-01   1.3741800e-01  -8.0730804e-01  -1.2937463e-01   9.7884008e-02
  -5.4729217e-02  -2.2746834e-01  -2.4606042e-01  -2.2512366e-01  -5.5712877e-02   2.5086141e-02   2.0003033e-02  -1.3727536e-01   9.4978529e-02
   4.7333208e-01  -1.2156610e-01  -2.7648408e-01   3.0043232e-02  -3.1739424e-01   6.1442170e-01   8.6452426e-01   9.7998640e-01  -6.1099321e-01
