   9.2617364e-03
   1.1919106e-01
   4.0762881e-01
   4.9862942e-03
   1.7375154e-02
   3.3894469e-01
  -1.8049845e-01
   4.0267277e-02
   1.3055216e-03
  -5.3225192e-02
  -1.8736402e-01
  -1.3809985e-01
   2.2719838e-02
   8.9205638e-01
  -5.0549868e-01
   1.6352868e-01
  -2.9790308e-01
  -3.1642891e-02
  -1.8213820e-01
  -4.2304542e-02
  -1.0948302e-01
  -8.7004846e-02
  -8.0652735e-01
  -5.1982216e-02
  -5.4061672e-02
  -1.1003851e-01
  -3.9269690e-01
  -3.8316043e-03
   1.3550562e-01
   5.1919226e-02
   6.5654152e-02
  -2.0600469e-01
  -5.5375619e-02
   1.4763044e-01
  -1.5336205e-02
   7.2013348e-02
  -1.1703372e-01
   8.5536288e-02
  -5.1241059e-02
  -2.1998748e-01
   5.5601900e-03
  -3.4206813e-02
   6.1823265e-02
  -7.1110139e-02
   2.0496760e-02
  -2.7146417e-01
  -2.2750798e-02
  -6.6625093e-02
   2.1322518e-01
  -1.0897241e-01
