   3.4195642e-01  -2.5819473e-01   1.6916508e-01  -2.7975496e-02  -4.1122876e-01   2.5279480e-01  -1.7096674e-02  -2.8516550e-01   9.2556211e-02
  -2.8097052e-02  -1.4636323e-01  -1.1553882e-01  -9.2317342e-02  -4.3261439e-02   1.0295805e-01  -1.6457046e-02  -1.1991182e-01  -6.7573525e-02
  -7.7458489e-01   5.1639160e-01  -7.5200506e-01  -1.2640509e-01  -3.1359653e-01   1.2452948e+00  -8.2054612e-03  -1.1682589e-01  -2.8447627e-01
  -7.7530861e-01   6.8649353e-01  -6.7302564e-01  -1.2155813e-01   1.6586704e-01   1.3374008e+00  -1.2587301e+00  -2.8683676e-02  -1.3564337e-01
  -3.5000496e-01   5.3840633e-01  -1.0061940e+00  -3.7917354e-02  -7.4963194e-01   2.3946515e-01  -2.1255190e-01  -3.8879551e-01   1.2596502e-02
   4.2950502e-01  -5.1629610e-02   1.4056588e-01   2.2616755e-01  -2.1535599e-01  -4.2537959e-01  -6.7342788e-01   2.8420337e-01  -1.7046994e-01
   2.1726877e-01  -9.9683532e-02   1.4941834e-01   4.8252763e-02   6.0054447e-01  -1.8445143e-01   6.6216202e-01  -1.4883215e-01   3.6289443e-01
  -2.4434888e-01  -3.8440662e-01   3.3290080e-01  -6.6487838e-01  -1.3268421e+00   3.9203931e-02   7.6987233e-02   4.9592140e-02  -2.6225840e-01
  -6.7855513e-01   9.9760810e-01  -1.5036540e-01   3.2138770e-01  -2.6713928e-01   5.1679578e-01   1.5351729e-01  -1.0646509e+00  -2.3403613e-01
  -2.9729414e-01   1.5649225e-01  -6.0480496e-01  -6.6821799e-02   2.2060298e-02   2.1126775e+00  -8.3032821e-01  -1.9888472e-01  -2.6819328e-01
  -2.8713221e-01   2.5306457e-01   6.5427578e-01   8.0291097e-02   4.5590775e-02   2.3236181e-01  -1.1476130e-01   4.4295338e-01  -2.5618461e-01
  -4.3072973e-01  -1.3897437e-01  -1.6009667e-01   3.9118639e-01   7.5715377e-01   2.3932712e-01   5.1759302e-01  -3.0768499e-01   2.8592777e-01
  -2.9623335e-01  -2.3375178e-01   6.6188985e-02   6.7664887e-02   1.2106166e-01   2.7485517e-01  -3.5259939e-01  -8.2899483e-02  -9.2622930e-02
   1.2138620e-01   2.1428561e-01  -8.6673731e-02  -3.3398909e-02  -8.4588544e-02  -3.7615500e-02  -5.9180191e-02   1.8604849e-01   8.3837621e-02
   7.3543975e-02   4.0461169e-01  -3.9889211e-01  -1.4297586e-01  -4.8955870e-02   3.2492717e-01  -1.6242394e-01   1.5502781e-01  -5.2315094e-03
  -4.6655808e-01   9.7758733e-01  -1.4767644e-01  -2.6831934e-01   4.1186024e-01   5.8668507e-01  -4.6085905e-02  -5.6967067e-01   1.1610816e-01
   1.0440735e-01  -1.2354736e-01   7.2841969e-02   5.6802103e-02   3.2662662e-04  -1.0238728e-01  -7.4269089e-02   1.1080876e-01   6.8352654e-02
   3.7746497e-01   2.0474693e-01  -2.7189414e-01   1.6293126e-01   4.3368536e-01   1.8904274e-01   2.4862124e-01  -4.8307478e-01   3.2405987e-02
  -3.3762561e-01  -6.2973508e-02   4.2055351e-02  -5.1095775e-01  -4.8338092e-01  -7.1542781e-01  -5.6731178e-01  -8.0234291e-02   5.8697060e-01
   1.3705111e-01   2.6052942e-01  -2.1638905e-01  -3.5578312e-02  -1.5362630e-01   1.6200008e-01   1.1448778e-01   6.2291461e-01   3.7785948e-02
  -1.5591011e-01  -1.8927208e-01   2.1494532e-01  -3.4170904e-04   1.8528656e-01   2.2592439e-01   7.3182954e-02  -3.6697755e-02  -1.6578896e-01
  -1.2295775e-02  -2.1417568e-01   5.4327059e-02  -3.6054569e-02  -3.2733092e-02  -1.4338305e-01   8.2312852e-02  -2.3869809e-01  -6.6555331e-02
  -1.1940055e-01  -8.5099819e-02  -1.0772932e-01   4.4790266e-02  -5.4950152e-02   5.3271847e-02   2.5119462e-03  -1.1270518e-01   3.2033644e-02
   3.6782279e-02  -5.8705078e-02   8.1192327e-02   5.8854930e-02   8.2041962e-02   2.1926567e-01  -3.7333276e-01   5.2987881e-02  -1.0859790e-01
  -7.2254961e-01   1.3038886e-01  -2.6170211e-02   2.4787735e-01  -8.9575570e-01   6.8078523e-01   1.3733369e+00   3.0453400e-01  -3.0418518e-01
  -6.0174107e-02  -1.0837656e-01   5.9195197e-02   4.0524175e-02   1.1349602e-01  -5.9925291e-02  -7.6176870e-02  -5.6915352e-02   6.1462758e-03
   3.2981005e-01   1.3956153e-01   2.6885951e-01  -6.7218624e-02   3.0556809e-01  -7.4552302e-01   2.1979363e-01   3.6842091e-02   1.2864523e-01
   3.1418593e-02  -7.9870726e-02   3.4962142e-01   3.9390930e-02   1.7686221e-01   1.2534059e-01   1.2719720e-01   8.5852299e-02  -1.1005226e-01
  -2.8476231e-01  -2.2502466e-02  -4.5478658e-03  -3.7146742e-02  -6.7836522e-02  -1.8807000e-01  -7.3492087e-02  -1.2112155e-01  -3.4899983e-01
   7.7780500e-01  -1.0429306e+00   9.4371599e-03   1.9770559e-01   7.3265322e-03  -7.4630056e-01  -5.3879723e-01  -6.6158149e-01   2.4160945e-01
   3.0577929e-01  -7.7325938e-01   3.1783415e-01  -4.1355842e-01   4.8037386e-01  -1.1901791e+00   2.1324781e+00  -3.0543967e-01   6.4175117e-01
  -2.0643008e-01  -2.9773480e-01   1.2117119e-02  -1.3947234e-01  -1.8770887e-01  -7.5611301e-02  -2.1721222e-01  -8.8588312e-03   1.0916372e-01
   1.0187612e-01   2.0592366e-01   1.4328502e-01  -3.1085629e-02   1.4590645e-02  -2.5309765e-02   2.4245549e-02   2.1079187e-01   4.7206168e-02
