  -2.6583160e-02
  -5.5307600e-02
   1.2857853e-01
  -2.2087522e-01
   1.3796537e-01
  -2.8307059e-01
   8.3115613e-02
   1.8905331e-02
  -8.8486078e-02
   2.3831027e-02
   1.9991564e-01
  -2.9682692e-01
  -2.9970735e-01
  -1.3474222e-01
  -2.1641883e-01
  -2.5042921e-01
   1.8186255e-01
   9.1470559e-02
   1.9593703e-01
  -4.0188836e-01
  -1.6106506e-01
   5.0517564e-01
   9.7492980e-02
  -2.3426744e-01
  -3.2100249e-01
   1.6515507e-02
  -2.0972544e-01
  -7.3693560e-01
  -8.4730796e-02
   7.8178977e-01
   3.1227678e-01
   8.3603021e-02
   6.7023448e-01
