   1.7766324e-01
  -1.0877368e-01
  -1.5733120e-01
   9.4204906e-02
  -1.5272801e-02
   1.3312073e-01
   1.8977374e-02
  -8.4283723e-02
   1.3511954e-01
  -1.0166226e-02
   3.3838722e-01
   7.9940525e-02
   1.1942296e+00
   6.7959266e-01
   1.3555509e-01
   4.9946209e-02
  -2.8062182e-01
   2.6682223e-01
  -5.0782608e-01
   3.1416700e-02
   2.1872085e-01
  -2.4043305e-01
   2.0598541e-01
  -2.5387093e-01
  -5.0755175e-01
   2.0067346e-01
  -6.2325696e-01
  -1.3309072e-01
   4.6743713e-01
   1.7783635e-01
   1.7965148e-01
   6.2352837e-01
  -1.0822997e-01
   1.2059972e-01
   3.2517231e-01
   1.1788689e-01
  -4.7863725e-01
  -8.6254148e-02
   4.2343219e-02
   2.9717105e-01
