  -5.7592741e-01   2.1559908e-01  -3.6852652e-01   2.5113465e-01   6.9463569e-01  -2.8281615e-02   2.7032616e-02  -2.0477577e-01   4.8531314e-02  -2.8016891e-01  -1.0799808e-01  -1.8059920e-01   9.4463398e-02   2.5280167e-01   4.1028030e-01  -9.2399186e-02  -3.0687381e-01  -9.9878505e-02  -1.7872201e-01  -1.2632028e-01   1.7247583e-01  -1.1948984e-01   5.2616070e-01   9.7823645e-02  -1.0672926e-01   4.8277936e-01   6.3249865e-01
   4.8572336e-02  -9.9323656e-02   1.5200480e-01  -4.4536196e-02  -2.8659086e-01  -1.9810884e-01  -1.8032972e-01  -7.8631643e-02   2.3767783e-02  -3.7055633e-01   2.1944406e-01   1.1345139e-01  -1.3077156e-02  -1.1103095e-01   1.8707377e-01  -7.5376640e-02  -2.0549732e-01  -6.2665435e-02   3.3435086e-01  -1.5127347e-01  -7.9506132e-02   7.8033440e-02  -2.5438331e-01   1.0647774e-01   2.8592365e-02  -3.3878300e-02   6.8489363e-02
  -4.0443763e-01  -5.2564670e-02  -8.6608947e-03   2.6372059e-02   1.1774527e-01   1.6917605e-01  -2.2927600e-02   7.5105175e-02  -5.9563023e-02  -1.6340896e-01  -1.2915782e-01  -2.1112296e-01   4.3773080e-01  -1.2097812e-01  -8.3441350e-01   1.6082051e-01   1.6619796e-01  -2.2658972e-01  -3.6407113e-01  -2.8093158e-01   7.2582594e-02   1.6939444e-01   8.8499549e-02   1.0965869e-01   1.4716425e-01   2.4333936e-01   4.3942858e-01
   3.9222847e-03   6.5606416e-03  -1.5111939e-02  -1.5835254e-02   1.8632710e-02   1.9753232e-02   3.2341144e-02  -6.8230008e-03   4.6746029e-02  -7.2084681e-03   3.2106890e-02   5.9523069e-03   1.6683566e-02   5.4214217e-03   1.7183455e-02  -2.3790144e-02  -4.3845759e-02  -1.2298178e-02  -1.7045385e-02   3.0408256e-02   1.1138141e-02  -1.4645516e-02   5.3889165e-03  -3.5149369e-02   6.0047958e-03  -4.4802690e-02  -3.1112316e-02
  -3.6600737e-02  -3.0797206e-02   3.5557991e-02  -7.0621620e-02   1.3922931e-01   2.9217655e-03   1.1420911e-01  -1.1428348e-01   2.6138366e-02  -2.3810345e-02   4.9992266e-02  -1.4022919e-01   1.2604571e-01  -1.3158884e-01  -7.1209485e-02  -6.7161422e-02   4.2859590e-02  -6.0921603e-02  -1.1249249e-01   7.2231301e-02  -9.6681672e-02  -3.5078513e-02   3.9728335e-02  -6.7707126e-02   3.2509600e-03   2.4022811e-02   1.4686381e-02
   1.4435544e-01  -7.1279235e-02   1.1142853e-01   2.2029014e-01  -2.1379755e-01  -6.9499222e-02  -5.8430939e-02   1.6147564e-01  -3.5244130e-01   9.8697521e-02   2.7079036e-02   1.1508418e-01  -2.5567274e-01  -2.0198097e-01  -5.1598855e-02   2.2803187e-01   9.0576027e-02  -2.3384496e-02   3.3191037e-01   1.2805475e-01  -4.1400408e-02  -1.6138810e-01   2.1516072e-01   1.6634400e-01  -2.9006248e-01   2.1264610e-02   1.9674617e-01
  -8.6810356e-02   6.0410662e-02  -4.6626494e-02   1.4210913e-01  -7.3799059e-02  -7.6109851e-02   1.0777184e-03   4.0969433e-02  -1.9105840e-02   5.7678512e-03  -3.3715229e-02  -3.1084769e-02  -4.3756125e-02  -3.9242591e-02   3.7129861e-02   3.7259574e-02  -2.1135898e-03  -1.8630921e-02   7.0851025e-02   3.2958676e-02  -1.4651725e-02  -2.3170246e-02   9.1995692e-02   1.2505680e-01  -1.4184261e-01   1.1801623e-01   1.7114963e-01
   2.8750773e-02  -7.4515807e-02   1.4292144e-01   4.7745709e-03  -1.1996476e-01  -1.4487227e-01  -5.6919383e-02   4.5325735e-02  -1.9332305e-01  -6.5603592e-02  -5.4637238e-02  -6.4066542e-02  -2.2700895e-02  -1.4281790e-01  -1.2905051e-02   4.9045127e-02   5.6989556e-02  -4.7567553e-02   2.3145752e-01  -7.1168562e-02  -1.8780306e-02  -4.8169960e-03  -9.9484118e-02   1.0307723e-01  -1.4653395e-02   2.7626692e-02   6.3158626e-02
  -2.5485148e-02   5.5768353e-02   1.2705087e-02   3.7390314e-02  -6.4695511e-02   1.7683336e-02  -9.5651237e-02  -1.6326397e-01   2.0612821e-01  -2.7124522e-02   1.4256637e-01   4.6085975e-03   1.3873156e-01  -2.5774759e-02   2.1332873e-01  -1.6542744e-01   4.1189555e-02   7.2409828e-02  -1.3673226e-01   5.1269154e-02  -5.9586586e-02   2.0811175e-02   9.9789844e-02  -7.7405302e-02   3.5504021e-02  -6.2273997e-02  -4.3380680e-02
   3.8563242e-01  -1.0087608e-01   1.9727107e-01  -1.4328950e-02  -7.6853063e-02   1.7924542e-01   1.0305103e-01   7.5073292e-02  -2.2598456e-01   2.6132394e-01  -2.4620843e-01   8.3914852e-02  -1.2776612e-01  -7.4498686e-03  -3.8154458e-01   1.1199979e-01   1.8638949e-01   2.9940390e-01  -1.0788758e-01   1.5418259e-01  -2.1237653e-02   2.6205751e-01  -2.4988368e-01  -1.7531675e-01   1.4769896e-01  -3.9081658e-01  -6.2673746e-01
  -3.3389531e-01   3.0457989e-02   3.0086368e-01  -1.2029516e-01   2.4124559e-01  -3.0872248e-02   5.2924179e-02   2.5947331e-02  -1.3752378e-01   7.2101622e-01  -3.0160512e-01  -3.8622042e-01   3.5349348e-01   5.1182364e-02  -3.0017644e-01   2.9514078e-03   4.7832585e-01  -9.9283931e-03  -3.8503870e-01   5.7468317e-02  -7.1274725e-02   7.4498228e-02  -1.1013752e-01   6.6149540e-02   9.1250606e-02   4.3065410e-02   6.5857786e-02
   4.7639569e-03  -2.1834687e-02   6.0004630e-02   6.9842023e-02  -9.1820077e-02  -8.9018214e-02  -1.0544931e-01  -4.2004918e-02  -6.2500003e-02   1.3589080e-02   5.0953620e-02   2.1779692e-02  -6.4163260e-02  -7.5888145e-02   2.1542707e-02   3.6180308e-02  -1.7900984e-02  -2.3166705e-02   1.8002858e-01  -5.6575804e-02  -1.8912408e-02   5.1822302e-02  -2.0418949e-02   6.4987793e-02  -2.1339202e-02  -6.6868251e-02   3.5640332e-02
  -7.5616124e-02   6.8508653e-02   7.6102675e-03   5.4263158e-02  -3.5314576e-02  -2.9410589e-03   2.5139753e-02  -2.6440171e-02   1.9026474e-03   5.3038925e-02  -1.4982396e-02  -3.6121364e-02  -3.1767104e-02  -6.8291449e-02  -1.5989300e-02   2.2079717e-02  -6.5422200e-02  -5.2379854e-02   5.9769577e-02  -1.0896615e-03  -4.8684354e-03  -4.0188847e-02   5.2747246e-02   9.3252408e-02  -5.0094859e-02   7.2986091e-02   1.1482790e-01
  -1.1770661e-01   7.5797346e-02   2.6557325e-02  -1.6869287e-01   5.6112486e-02   4.1780550e-01   6.6347741e-02   3.3561638e-01   2.4581094e-01  -5.6775827e-01  -6.3802936e-03  -4.1878147e-03   2.9510067e-01   3.4629706e-02  -4.4432087e-02   7.9992059e-02  -4.7861553e-02  -7.6951725e-02  -3.1675433e-01   8.4636719e-02   1.2138773e-01   1.2791792e-02  -7.5251045e-02   2.1376903e-02  -9.0552163e-02  -2.8831871e-02   1.1526423e-01
   5.2430767e-02  -9.0080413e-02   6.5184370e-02  -8.8000934e-02  -1.8543804e-01  -1.3735435e-01  -1.0403852e-01   8.5257686e-02  -2.2831264e-01  -2.8206618e-01   2.4237930e-02  -4.7119895e-02  -3.2876447e-02  -1.4757689e-01  -6.2198313e-04   1.0830851e-01  -7.5045597e-03  -1.1113462e-01   2.9662546e-01  -8.7837367e-02  -3.8379945e-02  -1.5279698e-01  -1.5383498e-01   2.1026634e-01  -1.6017377e-01   1.2588006e-01   2.1162805e-01
   1.8419259e-01   9.8568906e-02  -4.8242359e-01  -1.7126905e-01  -4.8814724e-02   4.3916708e-01   1.6089434e-01  -1.7522567e-01   9.9651517e-02   2.6282718e-01   5.0725673e-02   4.4707182e-02  -2.5799710e-01  -7.7915675e-02   3.5603922e-01   8.0476918e-02  -1.2548926e-01  -1.4097597e-01   1.5119391e-01   1.5338582e-01   1.2005193e-01  -4.9316660e-01   3.3376897e-01   7.8951343e-02  -3.4471238e-01  -1.1992167e-01   3.4777663e-02
   4.2704237e-02   5.1047901e-02  -7.1909831e-02   6.2644287e-02  -1.6779026e-01   3.8841788e-02  -1.1092489e-01  -2.8125942e-03   2.9577184e-02  -7.4963846e-03   4.2710603e-02   1.1252773e-01  -5.9409273e-02   1.1372904e-02   1.3369576e-01  -6.0208913e-02  -1.0084461e-01   2.7437015e-02   1.7559065e-01  -3.2424139e-02   1.0700292e-01   1.6808049e-02  -1.8044468e-02   2.3585772e-03  -1.0055945e-02  -1.5743753e-01   2.1678018e-03
   3.7529370e-02  -6.1768856e-02   9.6664066e-02   7.1564824e-02  -5.6212646e-02  -1.4135979e-01  -8.6216256e-02  -3.9207317e-02  -1.5810942e-01   3.2280870e-02  -8.6620765e-02  -2.6894926e-02  -6.0088746e-02  -1.1349045e-01  -8.1175534e-02   3.0529683e-02   4.1387573e-02   1.5643156e-02   1.3688870e-01  -1.1616210e-01  -4.6933980e-03   5.3673162e-02  -2.4866693e-02   3.2039390e-02  -1.8076834e-03  -5.9846529e-03   5.0797013e-02
   1.4339680e-01   2.6170222e-02   3.1540104e-01  -9.3604113e-02  -3.0288896e-01   1.9489310e-01   1.1794397e-01  -2.0005335e-01   2.7680720e-01   2.2210279e-01   2.0083877e-01   3.2030974e-01   2.7655191e-01  -2.0950200e-01  -7.6942720e-01   3.2413047e-03  -1.3810818e-01   5.1729175e-02  -7.7409838e-02   3.0079753e-01   2.1428825e-01   2.5964479e-01  -2.5484939e-01  -3.1341939e-01   1.5403941e-01  -4.7545849e-01  -3.8939620e-01
   1.2176657e-01  -5.4711464e-02   2.1140445e-03   1.4278330e-02  -1.9837258e-02  -5.7949968e-02  -1.0929150e-01  -3.8009841e-02  -1.1646701e-01  -1.2828942e-01  -1.6775964e-01   3.2881447e-02  -8.7537552e-02   8.3253440e-02  -1.1456629e-01   4.5126734e-02   4.1238623e-05   1.9844754e-01  -1.6429634e-01  -1.2213993e-01   2.7305098e-02   1.5573717e-01  -1.9062266e-01  -1.4622974e-01   1.3843734e-01  -1.4938862e-01  -2.4982099e-01
