   1.8838263e-02  -1.7157781e-02  -7.3895984e-03  -3.0276998e-01   1.2437719e-01   8.0690971e-02   2.8439903e-01  -2.1425677e-01  -6.0746913e-02   9.8359928e-02   7.0568670e-02  -5.6424202e-01  -6.1040021e-02   2.5707826e-02  -4.3759315e-01  -1.5139156e-01   1.9890230e-01   6.0064506e-01   3.7703574e-02  -1.0313190e-01  -4.8420017e-01  -1.0237070e+00   4.3205337e-01  -3.6413786e-01  -6.3138279e-01  -3.1492994e-01   1.3015698e-03
  -4.2763120e-02   9.9740818e-03   2.0903499e-02  -6.0256588e-02  -2.4882831e-02  -1.5070462e-02  -1.3182277e-02   5.6539785e-02   1.4191400e-02   6.0838086e-03  -3.6564681e-02  -4.9494147e-02  -2.1497348e-03   4.7964150e-03  -1.0334348e-03   3.2559682e-02  -6.8104585e-02   1.6904116e-02  -5.5651897e-03   1.9805834e-03   1.5529104e-02   2.2948678e-02   2.9947365e-02   1.9215529e-02  -1.2200400e-02   2.7950720e-02   1.7263628e-03
   3.1251272e-01  -8.1165854e-02   4.0746631e-01  -4.8335766e-02   4.1568306e-02  -6.6210978e-02  -7.8415941e-02  -3.2201650e-01  -6.9677479e-02  -1.1274447e-01  -1.7931415e-03  -6.2550960e-01  -2.0167230e-01  -7.9525532e-02  -1.8428410e-01  -1.5647777e-01  -2.7327848e-01   3.8519394e-03  -2.7963007e-03   3.1976732e-02   1.6962241e-01  -1.8985041e-01  -6.3412207e-01  -3.7369975e-01  -4.1354266e-01   7.2414313e-01   1.1062607e-01
  -6.8445703e-02   2.7207288e-02  -3.3507892e-02  -2.8713994e-02   3.2619219e-03   2.3852576e-02  -2.9023730e-03   4.7795805e-02  -1.5248225e-02  -3.5083510e-03  -9.9998405e-06  -4.7230047e-02  -4.0108537e-02  -4.2889454e-03   1.1017329e-03   7.7854566e-03   1.3611045e-02  -4.7543033e-02  -1.0482843e-02  -7.0599291e-03   1.0531729e-02   4.4403916e-02   2.7053397e-02   3.3346229e-02   4.1172918e-02  -1.3346946e-02   1.0517636e-02
  -5.0824015e-03   2.4688004e-03  -2.9060526e-02   1.2752459e-02   1.5060047e-02   2.5854641e-02   2.8190272e-03   5.1837659e-03  -1.6975208e-02  -1.9243801e-03   1.6848653e-02   1.4755460e-02   9.8981133e-03  -8.6230531e-03  -2.9116659e-03  -3.8554921e-02   4.3441501e-02  -2.7397781e-02  -2.6422452e-03  -6.2577832e-03   3.2272511e-03   8.0667862e-03  -1.4130754e-02  -4.8830678e-03   2.9747915e-02  -1.4938273e-02  -4.3968015e-03
   5.1821681e-01   1.0515831e-01   3.3036561e-01  -8.3966339e-01  -5.2802686e-01  -3.9630734e-01  -3.2625544e-01   7.0739188e-01   4.3580938e-01   2.2010051e-01   1.9421909e-02  -9.2787698e-01  -6.5855853e-01   3.1082870e-01  -4.7859560e-01  -8.8728901e-01  -9.4966005e-01   3.6956871e-01   2.0212813e-01  -2.5723296e-02   5.8923845e-01   1.1383162e-01   2.4178574e-01  -4.2621650e-01  -1.4857724e-01   6.4949999e-01   3.3525540e-01
  -1.9364440e-02   5.1338253e-02  -9.4787287e-02   1.4756963e-01  -1.3059632e-01  -4.1858687e-02  -8.0838462e-02  -2.8575351e-02   1.6186743e-02  -5.5598565e-02   2.2399920e-02   1.2293604e-01  -2.3085985e-01  -6.8735722e-02  -1.8862743e-02   2.3176770e-01   1.2221881e-02  -2.7837166e-01  -8.3995114e-03  -4.4620286e-02   1.1324086e-01   2.8997162e-01   1.8431795e-01   1.4309245e-02   1.8731332e-01   9.0625183e-03   9.9722250e-03
  -7.5599498e-02   1.2613327e-02  -1.3908928e-01   1.7216366e-01   1.1486204e-01   1.6768018e-01   3.4216233e-02  -4.2015184e-02  -9.7402277e-02  -3.6403162e-03   9.0108905e-02   9.8069292e-02   5.4717568e-02  -5.5407428e-02  -7.1704672e-02  -1.8792527e-01   1.5261224e-01  -1.0101495e-01  -2.9570974e-02  -4.3860058e-02   2.9442820e-02   2.1134042e-02   4.1176563e-03  -1.5864209e-02   1.3712316e-01  -2.9303826e-02  -8.7715672e-03
   2.9499286e-02  -1.0452492e-02   2.3300712e-02   2.2912099e-02  -9.3232758e-04  -1.3228658e-02   9.9316174e-03  -3.6866433e-02   1.1953653e-02   6.3564334e-03   3.3959161e-03   2.6236055e-02   1.4015369e-02   7.6787754e-03  -1.2529368e-02   9.3276557e-03  -2.7563753e-02   4.3283716e-02   5.7437003e-03   1.0643090e-02  -7.5473165e-03  -3.2962661e-02   9.4602152e-04  -2.5732143e-03  -4.5655961e-02   9.5973453e-03   1.1249925e-02
  -2.0840664e-02  -2.8305139e-01  -4.1777258e-01   3.2941731e-01  -2.5326373e-01   2.4314659e-01   1.5626348e-01   4.0039226e-02  -1.4038405e-01  -1.5544264e-01   2.7398979e-02   3.3185357e-01   2.4067217e-01  -2.4743690e-01  -1.8701488e-01  -6.6733056e-01  -5.5851854e-01   3.6706531e-02   1.4201318e-01   1.3380279e-01  -1.1080116e-01  -2.5652359e-01  -5.6154078e-01   5.2440861e-01   4.5389187e-01   3.2361163e-03   8.9016458e-02
   5.6982407e-02  -6.4247921e-03  -3.4634125e-02   3.1334826e-02   1.3076850e-01   1.1254465e-02   3.3356932e-03  -4.4125869e-02  -3.6198505e-02  -7.5919528e-02   6.4283726e-04  -5.6369379e-02  -1.0348351e-01   2.5281079e-02   2.5836660e-02  -1.5689589e-02   1.1252989e-01  -9.7272815e-02   9.3574051e-03  -3.8301192e-02  -3.8316858e-02  -3.1369291e-02  -1.0479556e-01  -6.3993490e-02   7.2224773e-02  -1.2691546e-01  -1.0385725e-02
   3.0486145e-02  -4.9429153e-03  -2.5152300e-02   5.1589043e-02   2.2532649e-02   2.0397796e-02   1.0562168e-02  -4.2369353e-02  -1.7095035e-02  -6.1747715e-03   3.5665665e-02   4.1287859e-02  -4.7476758e-04  -6.9458181e-03   2.0334755e-04  -3.3727357e-02   6.9369337e-02  -2.7881808e-02   3.5619651e-03  -3.2962543e-03  -1.1300954e-02  -1.0899367e-02  -2.5252780e-02  -1.5632192e-02   2.3561116e-02  -2.8299540e-02  -1.0927875e-03
  -6.3371725e-03  -2.1795304e-02   4.1999495e-02  -2.1998098e-01   2.3250212e-03  -4.1484185e-02   3.5387208e-02   1.0777201e-01   3.4675342e-02   3.2573075e-02   8.2444874e-03  -9.5228963e-02   1.3888872e-01   4.4091336e-02   7.6096730e-03   1.7350438e-02  -6.1091002e-02   1.5039476e-01   2.6107294e-02   2.6877383e-02  -4.7093989e-02  -6.4902686e-02   3.5499962e-02   2.4055915e-02  -1.4420403e-01  -3.0402714e-02  -6.8730141e-03
  -1.7398254e-01   6.8162449e-02   2.6235006e-02  -1.2546989e-01  -3.4353460e-02   8.2020981e-02  -4.3443353e-02   2.0339086e-01  -1.7076859e-02   5.9556353e-02  -1.3964259e-01  -8.2949293e-02   1.2593495e-01   1.0231862e-02   4.9322326e-02  -4.9107504e-02   1.1252838e-01  -1.2378527e-02  -7.1652097e-02  -1.8496370e-02   4.3092650e-02   9.9516288e-02  -3.8376382e-02   1.1367660e-01   3.0033525e-02   1.4990666e-02  -3.4467699e-02
  -5.0244692e-01   7.2548848e-02  -2.2688176e-02  -3.6437718e-01   2.2998855e-02   7.5515394e-02  -1.6425030e-02   4.4944316e-01  -4.5593306e-02  -1.0175178e-02  -3.5910784e-01  -2.2181182e-01   1.4063403e-01   5.2364818e-02   2.5504448e-01   1.9490460e-01  -2.4647618e-01   1.0485542e-01  -2.1773363e-01  -1.2739344e-02  -3.3345402e-02   3.2937781e-01  -7.6435713e-02   3.1163819e-01  -1.7462324e-01  -5.6994758e-02  -5.4405866e-02
  -5.0740069e-02  -1.1044482e-01   3.7152200e-02  -2.4191448e-01  -3.6940631e-01   2.5028990e-02  -9.2490313e-02   1.1900521e-01   5.5746866e-02   1.2953804e-01  -2.0542276e-01  -3.8438352e-01   1.8087483e-01   1.0741125e-02  -6.6395418e-02  -4.1139129e-01   7.7736601e-03   2.2174868e-01   4.9759516e-02   7.1524656e-02   1.4799887e-01  -1.6293809e-01  -2.1986433e-01   3.3460469e-01   2.5632020e-01  -4.3232452e-05   8.4191583e-02
  -2.4989589e-02  -1.2366832e-01  -4.8587603e-01   2.4467080e-02   2.2177405e-01  -3.0183606e-01   1.2585107e-01  -1.2459300e-01  -6.0914914e-04  -1.9360210e-01   1.0736466e-02   5.5795132e-01   4.7750557e-03  -4.9820425e-03   7.2882412e-02   9.1278367e-02  -3.4270930e-01   2.7266865e-01   7.7602378e-02   1.1372454e-01  -1.6760719e-01  -1.7423939e-01  -5.3487983e-01  -5.8016682e-02  -7.8601801e-01  -3.7903154e-01  -7.6417195e-02
   2.4827391e-02   2.0901853e-02  -7.1409340e-03  -4.6569086e-01   1.3522682e-01   7.0570126e-03   4.7509166e-02   2.9464705e-01   1.6027248e-02   6.0798694e-02   8.1682928e-02  -8.7086127e-02   3.1089854e-01   1.1336267e-01   1.8769202e-02  -1.3020946e-01   1.1033096e-01   1.3566044e-01   2.2354150e-02   4.1905818e-03  -6.0426467e-02  -5.7184227e-02  -2.3745323e-02   9.1521752e-02  -1.6526046e-01  -1.1621875e-01  -4.4046843e-02
  -3.2720109e-02   9.3409917e-03  -4.7926649e-02  -4.9905836e-03   1.3381531e-02   3.8972630e-02  -2.6585014e-03   3.3080458e-02  -2.4582427e-02  -3.0740219e-03   9.5811401e-03  -6.4031964e-03   7.3208196e-03  -1.4383159e-02  -1.2797766e-03  -5.2871039e-02   4.9742242e-02  -4.5495396e-02  -7.9024652e-03  -1.0528613e-02   1.2462722e-02   2.8967288e-02  -8.8163140e-03   4.7170971e-04   5.6926552e-02  -1.4142412e-02  -7.5067254e-03
  -3.6153365e-01   4.3888720e-01  -2.2348452e-01  -1.0142852e-01   3.0207098e-01   9.9643437e-02   2.5628256e-03   1.6258620e-01  -3.8803970e-02   2.7497185e-01   5.0900100e-01   2.8044194e-01  -1.1821949e-01  -2.3880301e-02   4.6642338e-01   2.9883622e-01   2.3279015e-01  -7.1717575e-02  -3.6711847e-01   7.0157339e-02   8.7837379e-02   7.4423477e-01  -6.3211203e-01   1.3471889e-01  -6.3780468e-01   6.6454168e-01   4.1775135e-02
   1.4198113e-01  -1.0007124e-01  -3.2791025e-01  -6.0542733e-02   5.0261269e-01   1.3964886e-02   9.9540182e-03  -2.3187723e-01   6.5265240e-03  -1.8152073e-01  -9.0391560e-02  -6.2041678e-01  -4.0592587e-01   1.5377247e-01  -1.1462766e-01  -6.5998311e-01  -1.5215631e-01   2.5435082e-01   6.9726190e-02  -5.0409256e-02   3.4552573e-02  -2.2462329e-01  -3.1863942e-01  -6.4027405e-01   4.8546608e-01  -4.7493827e-01   8.9196631e-02
