   2.4389723e-03
  -4.0900434e-02
  -1.4112230e-02
   4.3247422e-01
   6.9054050e-03
   5.3942317e-03
  -2.1646469e-02
  -2.2562329e-01
  -1.1221249e-02
   2.3673934e-01
  -2.1420701e-01
  -1.4488163e-02
   6.7847443e-02
  -2.9018110e-02
  -1.1755879e-01
  -4.3642846e-03
  -5.4435006e-02
  -6.5768141e-02
  -9.5933036e-02
  -5.2899434e-05
  -2.1325203e-02
  -8.0228805e-01
  -5.1755804e-02
   2.5403619e-01
  -1.2080496e-02
   3.7983618e-03
  -9.9826291e-03
  -1.3647041e-01
   1.3048151e-01
