   6.9780102e-02   4.3401382e-02  -2.6319607e-02   1.3226746e-01  -1.2773837e-01   2.3265033e-02  -2.7936496e-02   7.4399329e-02   4.7313900e-03   4.1471126e-02   2.1237878e-03  -3.3962297e-02  -7.4220727e-02  -1.5262523e-02   4.8343300e-03  -1.6908961e-02  -5.0082450e-02   1.0460270e-02  -2.9352177e-02  -9.4666322e-02   1.8050776e-02   5.6087089e-02   1.0654178e-02  -5.0373279e-02  -3.9190806e-02  -2.4567563e-02  -7.3087081e-02   2.3559946e-02  -5.6707066e-03  -2.0859977e-02  -6.7558963e-02  -6.0647118e-02  -2.9073516e-02
  -3.3063583e-02  -5.9954496e-03   5.6342121e-02  -8.0406110e-02   8.2600897e-02  -1.4241261e-02   1.8838326e-02  -5.3164559e-02   3.2034550e-02  -2.9455286e-02   5.4136049e-03   1.2247877e-02   2.4609603e-02   1.1420743e-02   8.2724772e-03   2.9787223e-02   2.2219852e-02  -6.3369248e-03  -5.2302088e-03   5.7649028e-02  -3.4919628e-03  -2.1807607e-02  -1.1825204e-03   1.3282780e-02   6.0952608e-02   1.0775914e-02   2.5776939e-02  -2.2688905e-02  -1.3077403e-02  -2.6625607e-02   4.5506543e-02   3.3329764e-02   4.5974380e-03
   3.4238845e-03   2.9960135e-03   3.2252416e-03  -4.7444839e-03  -1.4883502e-02  -1.7900861e-02   5.7954349e-03   2.6304598e-02  -3.8474850e-02  -1.6373485e-02   1.3134657e-02   3.1009330e-02  -6.4025228e-03  -1.4633355e-02  -2.0413858e-02  -9.9598358e-03   6.5549445e-03   1.7529873e-03   6.5287512e-02  -4.8449044e-03   8.7076630e-03   8.3516524e-03   7.9800024e-03  -1.3518939e-02  -1.6181115e-02   6.5553662e-04   9.6187581e-03  -7.7408724e-03   1.2188689e-02   3.1420671e-02   9.4281527e-03  -2.9187104e-04  -9.6746575e-03
  -3.9349052e-02   3.7364853e-02   5.1889290e-02  -1.0025856e-03  -4.7972628e-02  -1.6946882e-01   4.3565038e-02   1.0897278e-01  -6.1022607e-02  -9.3785485e-02  -2.5613766e-02   1.7368209e-01   5.7533625e-02  -9.0363808e-02  -1.2035646e-01  -1.0998058e-01  -3.3027210e-02   5.5884652e-02   2.7622845e-01  -1.4458156e-01   6.6198402e-02   7.6141482e-02   5.7219742e-02  -2.7341108e-02  -4.2823015e-02   4.6965455e-02   2.3245512e-02  -5.8094598e-02   1.8152647e-01   1.5587090e-01   4.9276848e-04   3.4076100e-02  -9.1723922e-02
  -6.9626405e-02   7.3531440e-02  -7.1941667e-03   3.1117489e-01  -8.8805322e-02  -1.1156631e-01   1.3529393e-02  -9.4620301e-02   2.9156961e-02   2.0526389e-01  -1.9168268e-02   1.6491293e-01   1.5431261e-02   5.8449819e-03   1.3112036e-01  -1.1274442e-02  -6.5366905e-02   5.0278408e-02  -2.3721720e-01  -1.3222740e-01  -1.3142284e-02   1.9208640e-02   2.6807487e-02   7.8692353e-02   3.8258850e-02   4.2009802e-02  -1.9973405e-01   3.6709782e-03   5.0171334e-02  -3.5368538e-02  -1.3074585e-01  -6.7244278e-02  -6.3927758e-02
   2.6161745e-02  -1.3337092e-01  -5.6000454e-02   1.9206742e-01   1.8071276e-02   1.1266651e-01  -9.8222893e-02  -1.5019859e-01   2.5113480e-01   5.5447096e-02   1.2826549e-02  -4.0463217e-02   1.3150182e-01  -1.5175841e-02  -4.0178848e-02   3.6323506e-02  -2.6611098e-02   1.6705361e-02  -2.9740854e-02  -3.1174757e-02  -3.4846039e-04  -6.6843748e-02  -9.8477968e-03   4.0508103e-02  -3.5989011e-01  -1.8037279e-02   3.6272593e-02   3.7666573e-02   2.7676987e-02  -3.9457111e-02  -2.1710253e-01  -8.5748229e-02   5.7242348e-02
  -3.5386489e-02   2.2933453e-02  -8.8909092e-02  -2.1746011e-01  -7.4224988e-03  -4.9185302e-02   1.7730097e-01   1.1396845e-01   1.5946312e-01  -7.3446058e-02  -4.0431139e-01   8.7444984e-02   1.1224485e-01  -7.3509682e-02  -1.2412282e-01  -5.6689320e-01   8.2467568e-02   2.4356882e-01   1.4146083e-01  -1.3786566e-01  -1.2746303e-01   1.4656469e-01   6.3453675e-02   4.8162032e-02   8.4905663e-02   9.1183104e-02   3.1140271e-01  -7.6471138e-02   5.9688611e-02   7.2449879e-01  -2.0107372e-02  -6.2409974e-02  -1.1614588e-01
   1.7019763e-02   2.3391618e-02   9.3504193e-02  -3.6939833e-02  -8.3272532e-02   3.1954364e-01  -1.6551642e-01  -8.6113645e-02  -2.0464406e-01   1.3031506e-01  -8.5881210e-02  -5.0036624e-01   2.4809727e-02   3.7646584e-03  -7.1969000e-04  -8.3423055e-02  -1.5719671e-01   3.2854343e-01  -1.1395206e-01  -1.0317731e-01   8.9993792e-02   4.9264802e-02  -8.0661449e-02   3.5920050e-02  -5.1984481e-01  -3.8569729e-02  -9.7328383e-02   5.2807379e-02   2.8300187e-01   4.1371426e-01  -5.6802310e-01  -1.5063883e-01   3.6641521e-02
   1.8525625e-01   1.5516211e-02  -1.1058798e-01   1.1821138e-01   4.5920260e-01  -3.2439821e-02  -1.0043257e-01   1.8500134e-01   1.9270775e-01   2.5711998e-01  -9.8355675e-02   5.7175658e-02   1.6125213e-02   3.0126281e-02   9.4710596e-02  -1.9205404e-01   1.1762495e-03  -2.5680780e-01   1.5826745e-01  -4.5120442e-02  -1.5702220e-01   7.6692398e-03   4.6413271e-02   1.1621726e-02   1.1493893e-01  -1.5900569e-02  -1.1831630e-01  -8.9808458e-03  -2.5352375e-02   6.1698645e-02  -1.8728316e-01   2.3113457e-01  -1.1152319e-02
  -1.1824631e-01  -3.4867852e-02   2.4469053e-02  -1.3629394e-01   1.0530757e-01  -1.1662687e-02   2.3850862e-02  -1.9694518e-01   1.2584521e-01  -3.7302048e-03   6.4791792e-02   6.1180571e-02   1.0716388e-01   1.9248458e-02   2.7256777e-02   4.8530726e-02   5.0220943e-02  -4.0275597e-02  -1.5085290e-01   7.2749227e-02  -7.7813002e-03  -5.4058277e-02  -8.0253800e-03   6.4930092e-02   1.1613535e-01   4.0275627e-02   5.3261826e-02  -9.5200291e-03  -1.9891520e-02  -1.4544219e-02   4.3871818e-02   7.2812280e-02   2.3306377e-02
  -1.3596000e-01  -4.2478026e-02  -1.9245626e-01  -9.5056375e-02  -4.2876302e-01  -2.1027291e-01   1.8165990e-01  -1.1416237e-01   6.7169715e-02   1.2914244e-01  -2.7445604e-01  -1.5346946e-01  -8.0896489e-02  -7.1076768e-02  -6.5562772e-02   6.0095512e-02   4.5842577e-02   1.3781937e-01  -3.2984079e-01  -1.1011678e-01   5.8321430e-04   8.4612852e-02  -2.2204929e-02  -1.4606730e-01  -3.8450634e-01   5.5422957e-02   2.8337569e-01  -5.7475772e-02  -7.4084052e-03   3.1152454e-01   4.5715970e-02  -9.2885376e-02  -4.3098312e-02
   6.4067543e-03   4.1880641e-03  -2.3139378e-02   3.9797899e-02  -1.8253271e-02   3.3329035e-02  -2.1579120e-02  -1.2229189e-02   4.6033541e-02   4.4218647e-02  -1.5605430e-02  -4.1004540e-02   4.6337438e-03   1.3113083e-02   2.3750045e-02   5.1596155e-03  -1.5862754e-02  -1.8147206e-02  -8.8738489e-02  -1.9574350e-02  -6.2488900e-03   1.2046312e-03  -6.5210055e-03   1.7595200e-02  -4.3604566e-03  -5.1503881e-04  -3.8166307e-02   1.6950773e-02  -1.1410104e-02  -2.9529992e-02  -4.1372532e-02  -4.3139966e-03   4.1287955e-03
   5.3183978e-03   6.0974412e-04  -1.2706251e-02   1.6490500e-02  -1.8947101e-02   4.0267112e-03  -7.1988338e-03   1.4977984e-02  -1.4728564e-02   1.0477481e-02   5.7805066e-03  -1.5801699e-03  -1.1679453e-03  -4.4406392e-03  -5.0127844e-03  -1.0093180e-02  -1.8881373e-03  -3.4520695e-03   9.7360371e-03  -9.1776345e-03   3.6929617e-03   3.9233194e-03   1.2243723e-03  -1.5571882e-03  -1.4818923e-02  -7.1607260e-04  -7.0176666e-03   3.8030953e-03   5.6068793e-03   8.6957415e-03  -1.2233897e-02  -2.4587538e-03  -1.4969370e-03
  -1.5000551e-01  -6.2134628e-03  -4.5899253e-03  -3.8522503e-02  -3.8197904e-02  -5.6496701e-02   1.2397608e-01   6.9517072e-02  -1.1005052e-01   4.9196846e-02  -4.1497398e-02   8.7899306e-02  -7.5716680e-02  -5.3314352e-02  -6.5132822e-03   2.4185848e-02   9.0810030e-02   3.4448091e-02   9.8598692e-02   6.0813994e-02  -8.0087332e-02   5.4212247e-02   3.9172556e-02  -2.0034883e-02   8.8797198e-02   1.0441260e-02   9.8858313e-02  -7.1309384e-03  -1.3593512e-01   2.1785113e-01   6.3405433e-02  -6.7060198e-02  -3.7612266e-02
  -5.4234223e-02  -2.8999555e-02   4.2864125e-02  -7.2410436e-02   7.1456492e-02   7.8965515e-02  -8.4613818e-03  -1.0659904e-01   8.8086440e-02  -2.2690212e-02   1.3672420e-03  -3.8793166e-02   2.3330304e-02   3.9276024e-02   5.1901711e-02   5.5789149e-02   2.6768024e-02  -6.2976990e-02  -1.2051221e-01   9.4341244e-02  -1.4194415e-02  -4.1242976e-02  -2.6477937e-02   2.6193150e-02   1.0287828e-01   4.4139813e-03  -8.6149671e-04  -4.1793224e-03  -4.0833377e-02  -7.0352007e-02   3.8547829e-02   2.7461490e-02   3.7719154e-02
  -6.8491658e-03   2.4007848e-04   1.8804506e-02  -2.5477546e-02   1.9633880e-02  -9.9088325e-03   1.2394368e-02  -1.2422001e-02   3.3161372e-03  -2.2059639e-02  -3.0648638e-03   1.6265228e-02  -1.7634998e-03   1.9403631e-04   3.8042034e-04   1.0272389e-02   5.1219244e-03   1.4650403e-03   1.0433085e-02   1.2763541e-02  -5.0498734e-04  -1.6982212e-03   1.3999845e-03  -3.7147355e-03   1.2406794e-02   1.6633173e-03   1.2228465e-02  -9.4221266e-03  -3.5295441e-03  -7.0659833e-04   2.1329965e-02   3.2833656e-03  -1.9782173e-03
   2.8760712e-01  -1.1146026e-01  -7.6087811e-01   9.0671982e-01  -8.2432798e-01   5.8013323e-01  -5.4710362e-01   3.9864887e-01   1.3212123e-01   1.3278108e+00  -6.4544388e-02  -3.7355125e-01   1.4141783e-02  -3.2226409e-02  -2.0163711e-01   1.4337749e-01   1.3098740e-01  -1.9439940e-01  -5.4229995e-01  -1.2461668e-01   1.8946314e-01  -9.7304730e-03  -1.7854672e-01   1.5807108e-01  -5.3840197e-01   1.1676951e-02  -4.2534696e-01   4.7346888e-01  -3.3918488e-01  -2.4632930e-01  -5.2192798e-01  -9.3362380e-02   2.1481161e-01
  -6.9041377e-04  -3.7009281e-02  -1.1759147e-01   8.3247022e-02  -7.1596533e-02   7.0438778e-02  -5.4944432e-02  -5.2865739e-02   5.4983955e-02   1.0320989e-01  -3.9238871e-02  -7.1888387e-02   3.3056593e-02   1.1478678e-03   6.7744077e-03  -7.1432021e-04  -1.9020220e-02   9.4823085e-03  -1.4079201e-01  -1.7020593e-02   3.0441277e-04  -1.9289377e-02  -2.4039168e-02   2.3704562e-02  -6.8534150e-02  -1.5965140e-02  -8.9129119e-03   5.8344154e-02  -1.8855441e-02  -9.4421231e-03  -7.3242350e-02  -4.3713281e-02   4.1340794e-02
   1.2598748e-01   1.2944936e-01  -4.1835701e-01   5.7079758e-01  -6.9476709e-01  -3.9684359e-01   1.4034884e-02   7.3574572e-01  -3.1328324e-01   5.1937998e-01   1.6120323e-01   4.3281825e-01   5.8715380e-02  -3.4281304e-01  -5.8230129e-01  -1.3983425e-01  -1.0979120e-01   2.4685595e-01   6.6636199e-01  -5.3816124e-01   3.7111217e-01   2.6036464e-01   9.3332127e-02  -2.3528099e-02  -9.7441392e-02   1.0930690e-01  -2.8626241e-01   1.0750949e-01   2.9870042e-01   4.0922838e-01  -5.5650373e-01   3.9980945e-02  -2.0252713e-01
  -1.1702140e-01   1.3690214e-01   4.3104314e-02  -8.8591195e-02  -4.8862214e-01   5.7900834e-02   4.4791477e-02   2.5358965e-01  -8.6823163e-02  -1.4140204e-02   1.1744934e-01  -1.8556630e-02   1.9188581e-01  -1.9702850e-01  -3.9215305e-01   7.3056546e-02   2.3499518e-03   2.1649980e-01   2.3084920e-01  -1.1186446e-01   3.8397213e-01   7.0347293e-02   9.5610319e-02   1.0639582e-01   3.2145994e-02   6.6145910e-02  -8.8400376e-02   3.0152639e-03   1.9643528e-01  -7.8953076e-02   1.5937888e-01   4.3990723e-02  -2.1411320e-01
  -4.0808891e-02  -7.5202455e-03   6.7967001e-02  -8.2076993e-02   9.6602584e-02  -1.3548058e-02   1.4803079e-02  -6.4332324e-02   5.4190678e-02  -1.6367076e-02   1.6309017e-02   4.8474353e-03   3.5306244e-02   1.4033360e-02   1.3272213e-02   3.6201789e-02   1.9817215e-02  -9.3736783e-03  -3.1331431e-02   6.0575378e-02  -2.8958763e-03  -2.6947922e-02  -1.8640300e-03   2.1115270e-02   8.0583666e-02   1.2822772e-02   1.6039066e-02  -2.0779440e-02  -1.1610810e-02  -4.1798363e-02   3.9449304e-02   3.9253255e-02   7.1507624e-03
   3.8118472e-01   1.0642046e-01  -2.4391965e-01   3.6283134e-01  -6.6128624e-03   1.5459650e-01  -2.1972477e-01   3.2238249e-01   3.3628427e-01   4.9773607e-01   9.6265382e-03  -2.7777615e-01  -1.2351488e-01  -7.6710627e-02   1.7062378e-04   1.0733791e-01   1.9088900e-02  -2.9660116e-01   2.1319601e-01  -1.3061840e-01   4.5425843e-02   1.2970998e-01   4.4070172e-02  -4.7016166e-02   5.3046206e-02  -8.3514956e-02  -4.4648462e-01  -2.7387827e-03  -3.6940622e-02   4.7814445e-02  -2.7142684e-01   2.5026006e-01  -6.7711163e-02
   2.8559577e-02   5.1126352e-02   9.1310297e-03   1.3617119e-01  -4.1707810e-02  -1.9349666e-02  -9.2634840e-03   6.1984922e-02   1.7409872e-02   1.2853170e-06   3.9003362e-02   4.2666650e-02  -2.3076353e-02  -1.2858734e-02   1.9267678e-02  -6.2475525e-02  -5.3537920e-02  -7.1479246e-03  -7.0314360e-02  -1.1315059e-01   1.7270389e-02   3.9546001e-02   2.2448473e-02   1.6330334e-02   1.9781650e-02   7.2362462e-03  -1.3491728e-01   5.8384980e-03   6.1500243e-02  -1.5454198e-02  -6.0529718e-02  -5.8248766e-03  -4.9268269e-02
   7.7342488e-02   2.4637044e-02  -1.4372852e-02   1.4572375e-01  -7.6677693e-02   1.0517019e-02  -1.9243567e-02   1.1996698e-01  -2.8537578e-02   2.8382680e-02   3.5488259e-03  -2.1095937e-02  -6.9575833e-02  -1.4592122e-02  -5.2017987e-03  -2.6752034e-02  -6.1316756e-02   3.6340121e-02   1.8688471e-02  -8.8444940e-02   1.5151441e-02   3.8539210e-02   1.1017823e-02  -3.7073897e-02  -5.6678007e-02  -2.9832236e-02  -8.9728063e-02   3.1157878e-02   2.3688183e-02  -1.8290322e-02  -8.2158396e-02  -7.5763642e-02  -1.6979611e-02
   1.9569427e-02   6.6713776e-02   7.0144206e-02   2.5268262e-01   7.6932918e-02   1.7736944e-01  -6.5274266e-02  -2.8547307e-02  -5.9937466e-02   6.6487541e-02   6.5515350e-02   1.0091525e-01   2.9530988e-02   3.1652501e-03   1.0229979e-01   6.7461685e-02  -4.6523857e-02   1.6921682e-02  -2.0621452e-02  -9.4482264e-03   8.1818120e-02   7.1986557e-03   5.5424037e-03   9.3595911e-02   1.4778239e-01  -3.7972717e-02  -2.7870086e-01   3.4180886e-02   3.9816692e-03  -1.2596599e-01  -3.7853109e-02   2.6967722e-02  -1.5053307e-02
   5.9356980e-02   1.2470624e-02  -7.0283310e-02   1.0359383e-01  -1.0951243e-01   8.2785043e-03  -1.4365446e-02   9.3021833e-02  -6.1769364e-02   6.4080979e-03  -3.1475013e-02  -1.0355436e-02  -5.7543603e-02  -1.5319096e-02  -1.5480874e-02  -3.1806644e-02  -2.8891187e-02   1.8737026e-02   5.7996288e-02  -7.2011005e-02   2.6296219e-04   3.5734645e-02   2.1006899e-03  -3.5624760e-02  -9.5392239e-02  -2.0702602e-02  -2.0073446e-02   2.1047972e-02   1.0900164e-02   3.9500012e-02  -3.9957348e-02  -5.5292110e-02  -1.0158973e-02
  -8.3217024e-02   1.4139602e-01   1.5058221e-01  -8.4047146e-02  -2.1775787e-01   4.5642146e-02   1.8330959e-01   1.0925117e-01   6.4381834e-02  -1.0949752e-02   1.5480770e-02  -3.5391568e-02   1.1945660e-02  -8.0369144e-02  -7.9185042e-02  -1.2773510e-01   4.5094842e-02   5.3645702e-02  -1.6235310e-01  -1.2028881e-01   1.5091649e-01   1.7697119e-01   7.3563247e-02  -3.5213758e-02   1.9801168e-01   5.6932908e-02  -1.1779384e-01   3.0644928e-02  -1.7026663e-01  -4.0449465e-02   2.6374650e-01  -8.3944193e-03  -1.5814657e-01
