   2.5073996e-02
  -2.0079639e-01
   2.5724266e-01
   6.4568785e-01
  -9.0908078e-02
  -9.9856534e-01
  -3.5288566e-01
  -2.1463994e-01
  -2.0045033e-01
   3.8193157e-01
  -2.9425300e-01
  -3.7018017e-01
   6.5156436e-01
  -1.9442971e-01
   1.9762934e-01
   1.3758003e+00
  -4.7465054e-01
  -4.7871074e-02
   6.3792388e-01
   2.7097697e-01
   1.2926008e+00
   2.4629663e-01
   1.5445007e-01
   1.1526738e-01
  -1.7609250e-01
  -7.9774298e-02
  -7.8832243e-02
  -1.0128052e+00
   8.1445524e-01
  -1.8856422e-01
   2.8265808e-01
   6.7354928e-02
  -1.4513147e+00
   1.0179689e-01
