   2.0234747e-01  -2.3573528e-01  -1.0821730e-01   7.1509646e-01   9.6906967e-01  -4.1159995e-03  -7.0131089e-01  -4.3266572e-01  -3.3489254e-01
   5.9145260e-01   7.9380331e-01   4.5246902e-01  -1.2026230e-01   4.8188800e-01   3.0315537e-01  -4.9351977e-01   7.6706575e-01  -6.3806029e-01
   5.0909107e-02   5.4076625e-01   1.4475972e+00  -2.8594710e-02  -2.3386315e-01   3.5981718e-01   5.3361803e-01  -2.7154755e-02  -4.8357362e-01
   5.1982800e-02  -1.5463981e-02   1.1981948e-01   1.4129403e-01   1.1781878e-01   1.1013809e+00   6.7065292e-02   6.5176731e-01  -2.1995525e-01
   1.0960405e-01  -1.3588120e-01   1.2103134e-01  -2.5448258e-01   1.6538341e-02  -1.9253189e-01  -1.3892015e-01   2.4750282e-02  -4.0626874e-02
  -1.7267076e-01  -2.2122977e-01  -2.9281605e-01  -7.4661879e-02   1.8563739e-02   6.6020751e-01  -3.8211310e-01   2.3170102e-01  -3.3315177e-01
  -2.9994596e-01  -6.0291763e-01   2.2803718e-01  -1.8073625e-01  -1.5873801e-01  -1.9768606e-01  -7.9923248e-01   1.1470798e-01   4.3359835e-01
   1.8718728e-01  -1.6599549e-01   1.4836929e-01  -2.3841436e-01   2.2806443e-02  -2.5347280e-01   1.1469726e+00   2.6277802e-02  -6.7062100e-02
  -1.3477301e-01  -2.1785010e-01   8.6493799e-01   9.5284102e-02   1.2156956e-01  -4.2994455e-02   8.1560096e-02  -2.7591794e-01   3.7405672e-01
  -3.8995802e-02   5.8712828e-02  -1.3889813e-01   5.9841375e-02  -7.6770379e-02   9.7764267e-02   1.7512442e-02   1.2328275e-01  -3.5097243e-02
   3.3802089e-01   6.1154724e-01  -2.3514016e-01  -2.9496979e-01   6.8533501e-02   5.9435646e-01  -2.6432092e-02  -5.2054970e-01   3.4501359e-01
  -6.3752033e-01   5.3644046e-01  -1.4145982e-01  -5.2695660e-01  -2.8516517e-01  -6.7476401e-03  -3.1980281e-01   8.9064677e-01  -3.0772011e-01
  -4.6388098e-02  -3.2058060e-01  -1.1719015e-01   2.0853602e-02   3.8326827e-01  -1.1292037e-02  -5.3702604e-01  -5.4833308e-01   1.4992833e-01
   1.2090549e-01   8.2261088e-02  -1.6338228e-01   1.1870731e-01  -2.1411452e-01   7.7898725e-02   5.1182099e-04   9.5177922e-02  -1.1862223e-01
   1.5704685e-01   8.9760756e-02  -9.2231439e-02  -3.8894593e-03   3.0805353e-02  -4.0983179e-02  -1.4172010e-02  -7.7501970e-03  -8.3714048e-02
  -4.2370006e-01   6.3479836e-01  -1.0377371e+00   5.6903529e-01  -4.5950600e-01  -3.6601539e-01   3.0913218e-01  -5.1416647e-01   1.8803819e-01
   1.6978187e-02  -3.8219339e-02   1.9733152e-03  -9.2399402e-02   1.2397356e-01  -3.2604945e-01   2.6518539e-01   8.0371970e-02   1.9182216e-01
  -2.2464866e-01  -1.4922547e-01   1.4675320e-01  -3.9868859e-03  -4.9930971e-02  -1.0887595e-02  -5.2953640e-02  -1.2686977e-01  -1.0274863e-02
  -4.2900495e-03   1.9260036e-02  -4.2382645e-02   3.9168469e-02   2.4142095e-02   3.9544418e-02  -4.2666879e-02   5.1924192e-02  -4.8464154e-02
   3.7027322e-01  -3.1072615e-01   7.3845711e-02  -5.2696039e-01  -1.0278373e+00  -2.0456888e-01  -1.4119716e-01   2.2367981e-01  -3.1560690e-01
  -1.0112561e-01   5.4997371e-02  -2.9979563e-02   8.8276312e-02  -9.3586942e-02  -2.1369809e-02  -3.4298351e-02  -5.4958114e-02  -5.6104781e-02
  -8.4469636e-02   1.4501288e-01   2.0138777e-01  -1.6242747e-01   1.2702785e-01   8.5193519e-02   1.4435095e-01   3.1190881e-01   1.4885081e-01
   3.3757876e-01   3.7146840e-01  -2.1807031e-01   5.6658749e-01  -1.4112271e-01  -5.1813085e-03   4.5843123e-01   7.6114183e-01  -3.9899664e-01
   7.0542520e-02  -1.0956251e-04  -7.2893415e-02   3.5837364e-02  -1.3320135e-01  -1.3598576e-01  -9.7519394e-02  -1.0986817e-01  -1.2650522e-01
  -9.8119386e-01   9.2685385e-01  -2.5208853e-01   5.6852557e-01  -2.7592161e-01   2.0039819e+00  -1.6482721e+00   3.1637113e-01  -6.2649330e-01
  -1.9604729e-01   5.3720141e-02  -1.4057643e-01   9.3796963e-02  -1.1508741e-02   1.0309087e-01   3.5674013e-02   5.0084611e-03   8.6498234e-03
   4.8494849e-01   6.4792510e-01   2.8060565e-01   6.3958676e-01   6.0744726e-01  -6.6990575e-01   4.2913104e-02   4.0978045e-01  -5.6013706e-01
   9.1473630e-01   8.6507946e-02   1.4795581e-01   1.7206477e-01   5.3100797e-01  -1.6558400e+00   7.1614143e-01   6.4158019e-01  -1.9151968e-02
  -1.0197739e-01   6.6763487e-02  -1.7448154e-01   2.9320630e-01  -1.2732737e-01  -9.3013464e-01  -2.8805831e-01   3.6995820e-01   1.2926484e-01
   7.3433503e-02   8.2554730e-02  -2.1930287e-02  -6.7688853e-02   8.0321053e-02  -1.0691469e-01   1.0113743e-01   8.8495892e-02   7.6265033e-02
   7.4239725e-02  -1.7137195e-03   2.2940587e-02  -2.0996016e-01  -3.7248393e-02   2.7734289e-01  -2.8583737e-02  -7.4748881e-02  -6.6801482e-02
  -8.9383729e-01  -5.9220823e-01  -4.8042604e-01  -2.9170463e-01  -5.6765976e-01   2.0068764e-01  -6.2521157e-01   6.7611582e-01   3.3597443e-02
   1.1263421e-01   1.7469645e-01   5.8585420e-02  -1.6047792e-01  -6.7684850e-01  -2.9783133e-01  -5.8446149e-01   2.3786659e-01   1.1810130e-01
  -1.4794102e-01  -2.4358203e-01   6.0291171e-02   1.9216546e-01  -1.2166771e-02  -6.9768680e-02   1.4179850e-02   5.2941843e-02  -7.0392057e-02
   3.2113328e-01  -3.9598214e-02  -6.2640874e-01   5.8483062e-01  -1.9150695e-03   1.8185191e-02  -2.2829513e-01   4.2231233e-01  -3.2309666e-01
   1.0193301e-01   1.1514661e-01  -9.7261757e-02  -7.0202541e-02  -1.8659827e-01   9.1393650e-01   2.2681431e-01  -4.2199499e-02  -9.8149285e-02
   2.6512224e-02  -2.1089941e-01  -1.1603403e-01   2.0853796e-02  -3.1699387e-02  -2.3348460e-02  -2.0370267e-01  -2.4199409e-01  -5.7169303e-02
   2.7741439e-02  -8.0969570e-02   2.8177726e-02  -3.4684659e-02   1.5318150e-01   2.3840091e-03   2.8671095e-02   5.8778924e-02   2.8940305e-03
  -9.1642656e-02  -7.9849921e-02   8.6812785e-05  -1.1564005e-01   2.0373165e-01   4.5597984e-02   4.2133391e-02   4.4074829e-02  -3.4257375e-02
   2.6067938e-02   3.4716630e-02   2.5857433e-02  -2.2415124e-02  -3.2670987e-02  -1.6750811e-01   2.0304159e-01   1.9140802e-01   1.1424813e-01
  -3.6209242e-02  -7.9443096e-02   2.9269615e-02  -1.8903959e-01   3.1348962e-01   1.2287277e-01   8.5157698e-02   3.1974279e-01   1.8902532e-01
  -1.3041483e-01  -8.6349083e-02   1.6333522e-01   1.0763069e-01  -5.1129516e-02  -5.5778874e-02   4.7186431e-02   2.2919705e-02   3.4890597e-01
   4.0539261e-01   3.0960560e-01   1.7726798e-01  -2.3756960e-01   2.0001577e-01  -4.2162336e-01  -3.3290924e-01   1.4712260e-01   7.1951129e-02
   4.7107412e-02  -2.5090193e-02   1.4048588e-02  -1.8701139e-02  -4.9491184e-02   1.0660510e-01  -3.0603798e-02  -8.0132735e-02   1.9887160e-02
  -4.7338805e-01   1.8296306e-01  -2.9752799e-01   4.1104073e-01   3.7971899e-02   4.7429364e-01   2.0999898e-01  -2.7886465e-02   4.6563027e-02
  -2.1187267e-02   3.7960111e-02  -6.9427402e-03  -9.5907760e-02   8.5556856e-02   7.4270161e-02  -1.0114730e-01  -8.8118172e-02  -3.3956429e-02
   8.1834641e-02   7.0761398e-02   5.9045007e-03   2.5943595e-03   1.6080863e-01  -1.0614248e-01  -1.0795581e-01   3.7625329e-02  -7.0441064e-02
  -7.2927121e-02   1.3674876e-01   4.1250911e-01   5.3609115e-01   3.7084375e-01   5.8095876e-01   2.6565759e-01   1.4366241e+00  -1.1109692e-01
