   1.8226124e-03  -2.0394019e-01   1.9205794e-02  -1.8385445e-01   6.5693955e-01   8.3177448e-02   2.8004547e-01   1.4593231e-01  -1.1708222e-01
   2.7744944e-02   9.9176792e-02   2.7914989e-01  -1.2854934e-01   4.7168519e-02  -1.4516413e-01  -6.3921001e-02  -1.1589953e-02  -3.4867922e-01
  -3.9691124e-01   4.3200213e-01   1.7166971e-01  -2.0181104e-02   3.8072539e-01  -3.0317546e-01  -8.9801789e-02  -6.0133647e-01  -2.2467150e-01
  -9.3585211e-01   8.4512503e-01   5.1572041e-01  -4.0308463e-01  -5.1627674e-01   1.4912700e+00  -2.4597041e-01  -9.4432813e-01  -7.5167765e-02
   7.3267222e-01   4.3593669e-01   5.8856907e-01   1.2900938e-01  -4.0467409e-01   4.5682569e-02  -3.4517455e-02   2.6083158e-01   1.2210058e-01
   2.3741666e-01   5.9534588e-02   1.5361466e-01   7.2956455e-02  -3.3197797e-01  -6.7102735e-02   2.2867675e-01  -1.8251023e-01   1.4624039e-02
  -3.2571958e-02   2.8464969e-01  -1.8372824e-01   1.2831182e-01  -2.1047274e-01  -1.0695910e-01   9.0609006e-02   4.1661881e-02   1.0267315e-01
   1.3741879e+00  -3.2189446e-01   9.4250597e-02   5.5791804e-01  -2.9230704e-01   7.0378958e-02  -7.7059384e-01   6.3413674e-01  -2.0392502e-01
  -2.0476629e-01  -1.6959222e-01   8.4859151e-02  -9.3843592e-02   2.8820318e-01  -1.8020512e-03  -3.4636825e-02   1.3753225e-01  -2.6194892e-02
  -1.4190808e-01  -3.4401060e-02   1.3643050e-01  -1.9217540e-02   1.4058967e-01  -4.0794380e-01   2.4409436e-02  -2.5207186e-02  -1.0308886e-01
  -6.9013665e-02   2.0580191e-01  -4.3197892e-01   4.6849723e-01   4.0575088e-01  -3.3706103e-01   1.0647313e-01  -2.7916684e-01  -5.9720273e-01
   7.1256521e-01   1.1570903e-01  -2.9678552e-01  -5.1363611e-01   2.4243661e-01   8.8586236e-01  -1.7671770e-01   1.6586899e-01  -1.1218550e-01
   6.5892594e-01  -2.1379666e-01  -6.2686719e-01   8.3097862e-01   3.0261021e-01  -4.5826369e-01   8.2061612e-02   1.2350960e-01  -3.1190449e-03
  -9.2623138e-02  -1.1734328e-01   2.0489612e-01  -7.3470825e-03   1.0133633e-01  -4.7416198e-01   1.1791437e-01   4.1803568e-01   2.9929570e-02
  -1.3182659e-01   2.1156145e-02  -2.4337342e-01   7.4246377e-04  -6.3029578e-01  -1.8249856e-01  -2.5178707e-01  -6.2123970e-02  -2.7114771e-01
  -1.3331708e+00   7.6200231e-01   4.9997045e-01  -5.3001086e-01   6.8039962e-01   4.0722551e-01  -4.1562240e-01   1.3651441e+00   4.5446889e-01
   6.6350453e-01   4.1752012e-01  -3.6604979e-02  -2.3978353e-01   2.0027918e+00  -2.9079147e-01   1.5032710e-01  -1.9655024e-01   2.7462274e-01
   5.8003806e-02  -1.7782496e-01  -5.1313201e-01  -1.7578820e-01  -1.6968536e-01  -8.6634511e-01   1.8176639e-01   1.0702215e-01   6.1540732e-01
  -3.4941693e-02  -7.7965896e-02  -1.2125551e-01   1.2464706e-01   2.9084120e-01   1.2572148e-01   9.7728542e-02   1.0468239e-01   1.6550428e-01
  -1.2293941e-01  -1.1307175e-01  -2.4438774e-01   5.7707598e-02  -9.4206512e-02  -6.3356348e-03  -3.4762141e-02  -6.0858660e-02  -5.0709446e-02
   5.1740908e-02  -4.2882722e-01   2.2933418e-01  -2.0259273e-01   3.0914972e-01   1.2776387e-01   2.8756067e-03  -9.9338399e-02  -1.3250945e-01
  -2.8607586e-01   2.4781608e-01  -1.8302432e-02   1.3398911e-01  -4.5225864e-02   5.5301281e-01  -1.2455595e+00   5.7653335e-01  -6.4315619e-01
  -1.8942110e-01  -1.0330006e-03   2.5909570e-01  -7.1921017e-01  -2.8922036e-01  -5.5165293e-01   2.5314965e+00   4.2888161e-01  -3.7163243e-02
  -2.6830705e-01  -1.8679894e+00   4.7311383e-01  -5.2612907e-01   8.9479351e-01  -4.9761496e-01  -2.2306214e+00   7.3570324e-02   4.5070718e-02
  -1.3903795e-01  -2.7309608e-01   3.5463491e-01   2.5252725e-01  -2.4479953e-01   6.7233575e-01   8.1792601e-01   3.4353972e-01  -1.2806205e-01
  -2.0437783e-01  -3.4719332e-02   5.1127214e-02  -5.9442556e-01   2.0862434e-01  -5.0146671e-02  -8.4326328e-01  -3.8503407e-01  -5.2468777e-01
  -2.3563437e-01  -1.7044078e-01   4.2157797e-02  -1.4179669e-02   1.3763622e-01  -1.7558813e-02  -1.9421363e-02  -8.1315683e-02   3.9729015e-03
