   2.2465474e-01   3.3685216e-01   7.1302331e-01   2.8610242e-02   1.1257260e+00   1.1589784e-01   5.8147639e-01  -1.6986136e-01   2.3218792e-03
   4.7285531e-01  -1.8767635e-01   1.9336513e-01   7.1176224e-02   7.1044612e-01   1.3843048e-01  -3.4186760e-01  -5.2252436e-01   3.7213369e-02
  -1.0117220e-01   2.2369480e-01   1.9275806e-01   8.3537771e-02   1.1816751e-01   8.3555213e-02   1.9816030e-03  -2.0173013e-02   1.2838411e-01
   1.1755363e-01   3.2852546e-01  -4.1401965e-01   3.3320940e-01  -3.9596375e-02  -2.2447707e-01   3.5139441e-01   2.5071462e-01   6.3901790e-02
   8.1821929e-02   2.4492280e-01  -3.6042282e-01   6.5916783e-02  -4.4073658e-01  -1.2562786e-02  -1.1868643e-01  -2.1769610e-01  -1.2473245e-01
   3.2131380e-01  -8.6766952e-01   1.1017651e-01  -4.1543246e-01  -8.7333062e-02  -4.8621059e-02   1.5140372e+00   1.8420032e-03   3.6582654e-01
   4.9118024e-02  -2.2498550e-01  -1.6131844e-01  -2.9985087e-01  -3.9685612e-01  -1.2239269e-02   1.3644099e-02   3.6838377e-02   3.8173937e-01
  -3.9146020e-01   2.8906129e-02  -6.5722820e-01   2.9099781e-01   9.6758162e-01   7.5447140e-01   2.3260797e-01   1.3974075e+00  -2.8300691e-02
   5.9075038e-01  -4.1816222e-01   5.7859022e-01  -1.1904384e-01   7.8130306e-02  -2.3376895e-02  -2.0227191e-01   1.1072949e-01  -4.0386319e-01
   1.2442731e-01  -6.6339334e-03   1.3584946e-01  -2.0040302e-01   2.9593367e-01   2.3203913e-02   1.9651745e-01  -2.0898708e-01  -8.6916277e-02
  -5.5827471e-01   7.2808668e-02   1.1785006e-01   1.3372174e-01  -5.9025866e-01   5.6640424e-01  -9.9272430e-02   5.7725714e-01  -1.9654003e-01
   3.2992328e-01   6.1366318e-02   2.0228596e-01  -3.2780848e-01   4.2019002e-01  -1.4777179e-01  -2.4850627e-01   4.2150147e-01   6.9583704e-02
   9.1156898e-02   6.0510885e-01   9.0213052e-01   6.5955443e-01   1.6842624e-01   9.8167191e-01   4.4629989e-01  -1.7902706e-01  -6.8718732e-01
  -1.5579473e-01   1.4873842e-01   4.0662025e-01   1.6752243e-01   1.8130500e-02  -2.9673911e-02   1.1538745e-02   4.7858010e-02   1.6475987e-01
  -3.4476418e-01   3.2199583e-01   5.2312819e-01  -4.5371427e-01  -2.6986117e-01  -5.2229437e-01   1.2762236e-02   8.3680215e-02   4.4327256e-03
  -7.4581998e-02   1.8824489e+00  -2.6161330e-01   7.9629333e-01  -3.5417025e-01  -2.9913334e-01   2.7808680e-01   3.8506145e-01   4.8852843e-01
   7.4038470e-01  -1.2667050e+00  -5.5940299e-01  -2.3404894e-02   1.1934163e-01  -1.3711275e+00  -5.8970984e-01  -9.1910860e-01   2.1851025e-01
  -1.4142545e-01  -1.7244805e-01  -8.1863922e-04   1.2350330e-01  -4.1370216e-02   4.0372346e-01  -1.4164979e-01  -4.9873204e-01   2.6391701e-01
  -4.2673339e-01   7.7270886e-01  -3.8121020e-01  -3.4890384e-01  -1.7363486e-01   3.9826211e-01  -8.6723089e-02  -1.1856983e-01  -3.1723326e-01
   2.4104863e-01  -2.5915661e-02  -6.1098389e-02  -1.2737739e-01  -7.8108791e-02   1.2685435e-01  -1.4034864e-01  -6.6021912e-02   1.2498663e-01
  -1.1327795e+00  -2.6455581e-01  -6.8110046e-01   8.8464800e-01   1.2221371e+00   5.8837154e-01   5.9068470e-01   2.0246410e-02  -1.9323195e-01
  -4.9511492e-01  -1.8149969e-01  -3.4512054e-01   2.4924612e-01   4.5528623e-01   3.2680739e-01  -3.2190830e-01  -2.1999804e-01   4.5418862e-02
  -2.2769876e-01  -1.6900523e-02   2.6004262e-01   1.0293120e-01  -4.3274157e-01  -4.5959881e-01  -1.2274130e-01  -4.1222719e-01   3.6678626e-01
   8.9280361e-02   5.6939253e-02  -8.8628756e-01  -1.2029753e-01  -4.3436646e-01   1.5242815e-01  -2.3829239e-01  -1.7036349e-01   1.4495639e-01
   3.0560513e-01  -3.9653301e-01   4.5898067e-02  -7.0502750e-01  -1.0557756e+00  -2.0475533e-01  -2.2578136e-01   2.3292701e-01  -1.9251134e-01
  -9.7018146e-02  -1.3625793e-01   1.5438879e-01   5.0190837e-02  -1.9767027e-01   2.5843258e-01   1.8621416e-01   2.7685744e-01   3.5540753e-02
   8.0024714e-02   1.0495489e-02   2.1301024e-01   9.3223893e-02  -1.3324740e-01  -2.8012643e-02  -2.4028656e-01   2.0912909e-02   4.9413883e-03
  -3.2132042e-01   2.4725003e-01   1.5618080e-01   1.9337591e-01   9.6526904e-03  -9.5004589e-02  -1.0740477e+00  -6.7489553e-01  -4.3821191e-01
  -2.8290242e-01  -8.3105819e-01   1.8683584e-01   4.5302856e-01  -4.1750950e-01   6.0229337e-03  -9.8347879e-01   7.8437538e-01  -1.1030073e+00
  -1.3772659e-01  -6.9815331e-02  -2.6691420e-02  -1.4567740e-01   2.3817929e-01   1.2989837e-01   2.9772613e-01   1.1070567e-01  -1.8785144e-01
  -1.2365106e-01   4.0123145e-01   1.9391514e-01   1.6110857e-01   1.1611176e-01   2.1473372e-01  -2.2267353e-01   2.4338468e-01   1.5212798e-02
   3.2721462e-01  -1.0519047e-01   9.7516304e-02   3.8667885e-01  -3.0315425e-01  -5.0888570e-01   4.3420528e-01   6.3111676e-01   4.8257246e-01
   2.7965713e-01  -4.3922213e-01   3.2339210e-01  -3.5163147e-01   1.6309045e-01  -2.2663432e+00   3.0704731e+00  -1.2763119e-01   7.1826471e-02
  -6.5172479e-04   1.6806689e-01   2.4844573e-01   1.2339501e-01   7.7097598e-02  -3.5243512e-02  -1.2224415e-01  -1.2695873e-01  -4.6598009e-02
