  -4.1468138e-01   3.9029952e-01   1.7226661e-01   1.1869797e-01  -2.1047581e-01  -2.9213813e-02   1.2372047e+00   9.7883833e-01  -1.2566062e-01
  -1.3892045e+00  -6.9574685e-01   1.0642541e+00  -1.3951009e-01   7.1111578e-01  -3.3145517e-01   2.4714909e-01  -1.0416293e-01   6.8435106e-01
  -3.5842668e-01  -3.9851909e-01   5.6490632e-01  -1.0814048e-01  -2.0642033e-04   9.4958063e-01  -8.9507012e-01   6.6602813e-02  -5.8446259e-01
   1.2220770e+00  -1.1702180e-01  -4.2313934e-01   2.7980315e-01   1.6208648e-01  -7.9619304e-01   2.0908315e+00  -3.6468836e-01   4.4308535e-01
  -8.1892904e-02   6.1368788e-01  -1.8160241e-01  -9.0009798e-02   1.3778435e-02  -1.9516767e-01  -1.2234217e+00  -2.7576755e-01  -3.8579251e-01
   1.1832992e-01  -1.0566011e+00  -1.1614168e-01  -7.0715687e-02  -3.5961390e-01  -9.2614663e-01   2.9575289e-01   5.2867839e-01  -9.0552225e-02
   5.3941656e-01   4.0617622e-01  -6.3081173e-02   1.9898558e-02   9.1012081e-01   6.5274074e-01  -1.1492943e-01  -1.7677695e-01  -1.6348583e-01
  -3.7780051e-01  -3.1138369e-01  -7.0593967e-01  -4.8286521e-01  -3.4222602e-01   9.4255198e-01  -8.1772847e-02   3.3232244e-01  -3.9939035e-01
  -3.7831206e-01  -2.8522608e-01  -5.5559924e-01   2.0323851e-01   1.1416327e+00   3.1722192e-03  -1.8908041e-01  -4.0579809e-01   5.0210964e-02
  -1.2017526e-01  -2.0028480e-01  -1.5899975e-01  -1.9578847e-01  -1.7765465e-01  -4.6403873e-01   8.5595050e-02   4.2151039e-02   2.7958174e-01
  -5.9087253e-02  -2.2509211e-01  -1.4017302e-01  -1.0810226e+00  -7.2673534e-02  -1.8306673e-01   8.0384190e-01  -3.6471876e-01   1.8338070e-01
  -1.3685835e-01  -3.4145042e-01  -1.1333953e+00  -6.7949935e-02  -5.2427174e-01  -3.7373126e-01  -1.5605855e-01  -6.5620536e-02  -3.7024816e-02
  -2.9309801e-01  -3.8793853e-01  -8.3833172e-02   2.2709236e-01   9.8157294e-01   3.0966333e-01  -8.0799084e-02  -1.3530856e-01  -1.1704674e-01
  -5.1075452e-01  -5.9752330e-01   1.3672480e-01   4.9503509e-01   7.3805535e-01   4.9345100e-01   3.6090179e-01  -2.6565891e-01   4.6509777e-02
  -4.3856719e-01  -4.4047427e-01  -1.1947000e-01  -4.2494170e-01   4.5557359e-01   5.6179449e-01   5.3661275e-02   1.1400993e+00   6.0402913e-01
  -9.7079650e-02   4.1031533e-01   9.6659454e-02   6.5395002e-02  -1.5926205e-01   2.7128201e-01  -4.7392385e-02   1.5766578e-01   3.2899953e-02
  -2.0426107e-01   1.2633838e-01  -3.5759399e-01   8.8445315e-01   1.4468052e-01   4.3590488e-01   6.5271095e-01  -9.4207700e-03  -1.1793591e-01
  -3.1200340e-01   5.5099480e-01  -7.0551358e-03   3.8246284e-01  -6.3598572e-01   2.9825723e-01   2.6829607e-01  -2.6566085e-03   3.7180428e-01
  -2.7165288e-01   1.8122192e-01  -6.8222354e-01   2.8216622e-01   2.4669849e-01  -2.8757630e-01  -1.0053920e+00   4.5417080e-01  -1.9133876e-01
   2.5996389e-01   2.1290730e-01  -2.6826058e-01   1.4289042e-01   1.3924730e-01  -2.4497826e-02   1.9690613e-01  -2.4556646e-01   1.4811560e-01
  -3.1013790e-01  -1.5348546e-01  -1.2962566e-01   4.1110336e-01   2.7818049e-01  -1.9289438e-01  -9.0385131e-01   1.0674503e+00   4.6028373e-01
   8.0659545e-01  -4.6780143e-01  -2.9159707e-01  -6.4251956e-01  -3.3846264e-01   6.4850650e-01  -6.9510770e-02  -4.7176026e-03  -4.5279161e-01
