   1.4322798e-01   1.3222793e-01   1.0706251e-02  -2.6639475e-01  -2.9918575e-01   6.7366785e-02  -1.4224134e-02   1.2125254e-01   1.9278570e-01
   1.1389037e+00  -1.1756932e+00   2.0538866e-01  -1.0797369e-01  -2.7523738e-01  -3.9485359e-01   1.4406273e+00  -2.7121580e-01   6.6917286e-01
   2.2535154e-01   1.1132533e-01  -7.8193089e-02   4.0619942e-02  -8.4639499e-02   1.8320024e-01   2.3430314e-02   1.7119850e-01   5.0812137e-02
   7.9428889e-02  -2.3563161e-01   8.1321738e-02   1.5625021e-01   1.7605155e-01   8.6037519e-02  -3.7547907e-01  -3.0142590e-01  -1.5124630e-01
   9.7776537e-02   4.5533955e-01  -1.9586894e-01   3.7615339e-01   1.8497356e-01   1.1918462e+00  -2.2418506e+00  -1.2193911e-01  -5.3915674e-01
   1.9572381e-01   8.1375851e-01   3.3538323e-01   4.8525788e-01   5.5233734e-01   5.1953759e-01   2.5095809e-01   4.3983630e-01  -3.7826412e-01
  -1.8773377e-01  -2.4724171e-01   2.4465505e-01   1.1046459e-01  -6.7814746e-02   1.7878991e-01  -2.4244918e-01   6.5864936e-02   1.7011210e-01
  -8.1931475e-02  -1.5938331e-01   6.0984757e-02  -2.3189794e-02   8.6066813e-02  -1.6621633e-01   2.4292216e-02   1.2860456e-01   1.3310577e-01
   5.9280561e-01   4.1448739e-01  -2.7829934e-01   9.9871790e-01   6.3372478e-01  -2.2943322e-01   1.4272478e-01   6.8185241e-02  -1.8380690e-01
  -4.4806451e-01  -1.5535003e+00  -1.9892768e+00  -3.5360451e-01  -1.0460296e+00  -1.1135014e+00  -7.5969890e-02   1.6636079e-01   5.7613552e-01
  -1.8669848e-01  -2.5394111e-01   1.2975111e-01   4.4889768e-02   1.9356479e-01   8.3258721e-04  -1.4636348e-02  -5.5079050e-02   1.5463522e-01
  -6.7028259e-01  -1.3627385e-01  -3.6182558e-01  -6.8160595e-02  -5.9813772e-01   1.1089185e+00   1.1807090e-01  -9.3488943e-01  -1.4119114e-01
   2.0490628e-01  -1.8728212e-01   7.8394753e-01  -2.0369901e-01  -3.2741927e-02  -1.7279357e+00   1.4872696e+00   3.5666985e-01  -5.1372467e-02
   7.4361275e-01   7.0059119e-02   7.6579851e-02  -9.8397705e-02   4.0428825e-01  -1.0643861e+00  -6.1611609e-01   2.7158893e-01   3.3227076e-01
   2.2689362e-01   3.8534276e-01   6.2683294e-01  -6.4433477e-01   2.0476067e-01   3.4963733e-01   3.3860407e-01   3.0441769e-01  -1.2064226e-01
  -4.7445469e-01   1.1334789e+00  -2.3144321e-01  -3.1752836e-03  -7.2804548e-02   8.1594124e-01   4.2176881e-01   5.6562490e-01  -2.6983978e-01
   1.6776707e-02  -1.8819850e-01   7.4831087e-01  -1.7561115e-01   4.9389483e-01   3.0345522e-01   6.0008883e-01   5.1201136e-01  -2.9141183e-01
   1.0772734e-02  -3.8915570e-01   1.7518604e-01   5.4254749e-01   7.6567412e-01   2.0582934e-01   1.1717915e+00  -6.1827202e-01   4.8287629e-01
   5.3105530e-02   2.3370705e-01  -2.2994672e-01   1.4542258e-01  -1.3658642e-01   3.4962949e-01  -4.8120749e-02  -1.9882407e-01  -1.8763029e-01
  -1.6155950e-01   2.0703474e-01   2.1645353e-01   6.1920169e-01  -5.1326225e-01   1.0665409e-01   6.3200741e-01   2.1289043e-01   4.0814915e-02
   3.6025839e-01  -8.7858234e-02  -1.3796415e-01   3.7113758e-02  -2.3521376e-01   1.7540307e-01  -9.2065161e-02   1.0328422e-01   3.4270747e-02
  -3.9485411e-01  -2.3987561e-01  -1.5831672e-01  -1.0699834e-01  -1.7198192e+00   1.0876814e+00   1.9478960e-01   6.8547963e-01   9.6816267e-02
  -1.9720713e-01  -2.3228810e-01   8.3741931e-02   5.2463812e-02  -2.9884207e-01   7.5945217e-01  -9.7434414e-01   3.9916212e-01  -2.0807351e-01
   2.5868420e-01  -2.0335039e-01   1.2698552e+00   4.7690492e-02   2.3649114e-01   4.6124658e-01   1.9714052e-01   8.0511671e-02  -1.4843065e-02
  -2.7670812e-02  -3.9541975e-02  -6.2986886e-02  -2.8752648e-01  -1.7939363e-02   2.8514580e-01  -4.2055864e-01  -2.7971879e-01  -2.9613032e-01
   7.5056681e-02   2.0046592e-02  -2.8241841e-02  -1.7518076e-01   1.5865625e-01   5.5401429e-02  -3.8748255e-01  -2.4843273e-01  -6.3032421e-02
  -2.0946886e-02   4.6851326e-01   6.2833916e-02  -3.7408959e-02  -1.7889948e-01  -3.2070059e-02  -1.5817618e-01  -2.4273029e-01   3.2917988e-01
  -2.0655872e-01   5.9090923e-02   1.3347633e-01   1.3294608e-01   1.9607210e-01  -1.5346898e-02  -1.5019746e-01  -4.1736107e-02   6.7500011e-02
   2.0131686e-01   6.5560340e-02   1.1686329e-01  -3.6153173e-01  -5.3836647e-01  -5.8026653e-02  -1.3386934e+00   5.5548983e-02  -6.7188078e-02
   4.7949106e-01  -6.9116709e-02   5.5621872e-01  -4.8182031e-01  -1.0034784e+00  -1.1133893e+00  -1.8669686e+00   1.9487016e-01   1.1638111e-01
  -1.4389876e-01  -4.1552130e-01   1.6922391e-02  -1.9740062e-01   7.8346907e-02  -3.9388823e-01  -1.2019940e-02  -3.5858524e-01   6.3683131e-02
   2.1892428e-01  -4.5184307e-01   9.7019356e-01  -8.9593216e-02   2.6511554e-01   6.1589088e-01   1.6662642e-01   7.1043488e-01  -1.2603341e+00
   1.5622872e-01   3.1559213e-01  -1.7233538e-02   2.1658201e-01   1.3182803e-01   3.0670803e-01   8.0420407e-02   1.3769990e-02  -2.4802167e-01
   4.5955460e-01  -1.2131099e-01  -3.4503062e-01   2.8390721e-01   1.1500551e-01  -9.1513028e-02  -7.7653380e-01   1.6699566e-01  -5.9001684e-04
   2.9961882e-01   1.9252113e-01   4.3064462e-02   2.7333243e-01   9.6464432e-02  -3.4957878e-01  -3.0708919e-01   2.0645786e-01  -1.4822340e-01
