  -1.2940079e-01
   2.7462191e-01
   4.2469438e-02
  -6.5997547e-02
  -3.7274048e-01
  -2.5098800e-01
  -6.9037724e-01
   1.5066908e-02
  -9.8896403e-01
   5.3776980e-02
   8.7815489e-02
   8.4427448e-02
  -4.0945317e-01
   2.3326659e-01
   1.1713267e+00
   1.3503172e-01
   1.1632966e-01
   6.3438419e-01
  -2.1965296e-01
   1.0985833e+00
  -8.0954766e-01
  -1.1055683e-02
  -1.1339712e-01
  -9.8612898e-01
   1.0840544e-01
  -1.8997827e-01
  -1.0848589e-02
  -4.2824294e-02
  -2.0703259e-01
  -8.4925759e-02
   5.0551991e-02
   9.4782782e-02
   5.3723347e-02
   5.7564015e-02
   1.4806201e-01
  -1.0808029e-01
   5.4367011e-02
   2.7006643e-01
  -6.2603450e-02
   7.3599740e-02
   8.2916166e-01
   2.0970018e-01
