  -1.2474905e-01   3.0939055e-02   1.2686890e-01   2.3713574e-02  -7.9289214e-02   1.5724501e-01  -1.8398522e-01  -5.0932878e-02  -4.8968670e-02
   8.1477448e-02   7.5213464e-02  -6.7550253e-02  -2.4324234e-01   8.4263756e-02  -4.4683338e-03   1.6670887e-02  -4.4726166e-02  -2.8344049e-02
   2.2055182e-01  -1.5330989e-01   5.6460925e-01  -2.2874843e-01   3.8123373e-01   2.0396592e-01   3.6278945e-01   3.1209385e-01  -6.9957074e-01
   4.7954104e-02  -1.3311402e-02  -2.8903342e-01   2.7003484e-02  -7.4086251e-02  -6.9311233e-02  -8.0174372e-02  -2.8306480e-04  -1.8050154e-01
   1.8109255e-01  -5.7841202e-03   8.4908966e-03  -1.1800351e-01   5.7528395e-02   1.7489177e-01  -1.2993410e-01  -1.0509368e-01   4.6598479e-03
   2.1272586e-01   2.5648643e-01   3.3514984e-01   5.7152099e-01   4.7475659e-01   8.9727085e-01  -3.8624865e-01   2.7239582e-01  -5.7615219e-01
   2.9836908e-01  -7.4045727e-01   2.8401128e-02   5.2969600e-01  -2.4260221e-01   4.9089833e-01  -7.9495703e-01   3.0700458e-01   9.3998529e-02
   2.1235395e-01   1.1282887e-01  -2.7180432e-02  -2.8275514e-01   9.2490073e-02   2.0086645e-01  -1.1009108e-01  -1.3462124e-01   5.6739959e-02
   7.1691659e-02  -1.5851605e-01  -5.4425338e-01  -3.6765959e-01  -2.1569733e-02  -2.5135257e-02  -1.9757750e-01  -2.2815439e-01  -5.8139237e-02
  -5.0332991e-02   4.5524392e-02   1.0271216e-01   1.0696848e-01  -1.0575923e-01   1.3339740e-01  -2.0996476e-01  -9.8099440e-02  -1.1384812e-01
   1.1047330e-01  -3.7644056e-02  -1.5165660e-01  -3.2013349e-02  -1.3171905e-01   1.3427959e-01  -3.9252921e-02  -1.2075645e-01   1.2724829e-01
   1.3718789e-01   2.1665151e-01  -1.6949954e-01  -2.3978851e-01   2.5331917e-02   8.1171508e-02  -1.0485175e-01  -1.5851820e-01  -2.2954917e-01
  -3.3951377e-01  -9.4741377e-02  -2.6767791e-02   4.0868015e-02   5.3821033e-02   4.6259642e-01   3.7267470e-01  -4.4142685e-01  -4.8437350e-01
   4.8651276e-01   1.0600991e+00  -2.1350214e+00  -5.1305705e-01   1.7254406e-01   3.6605537e-02  -1.6218946e-01   1.5975745e-01  -8.8843969e-02
  -8.0693665e-02   3.8713954e-02  -1.9675759e-02   3.2665197e-03   4.5498811e-02   3.6153295e-03  -2.2921330e-01  -1.0155526e-01  -1.2028717e-01
   9.9367669e-01  -7.9983223e-01   8.7732009e-01  -2.8114613e-01   2.3216523e-01  -1.6700084e-01  -6.1961110e-01  -7.5544947e-01  -2.0946542e-01
   8.7343420e-02  -8.1234034e-03   7.1425029e-02  -1.0348781e-01   1.5147769e-01   3.8647840e-02   8.7265723e-03   5.8440710e-02  -2.3218203e-01
  -6.8720868e-02   6.8997129e-02   1.3526567e-01   9.2659256e-02   1.7504863e-01  -2.9939554e-01  -3.7974282e-02   1.5123183e-01  -4.7670824e-03
  -5.5657764e-01  -7.8266476e-01  -2.1749085e-01  -5.3975471e-02  -1.6050549e-01  -1.2065032e+00   2.3735250e-01  -7.0690967e-01   5.3548863e-02
   5.5529424e-01  -1.9342868e+00  -8.7937712e-01   4.7861346e-01   3.7380114e-02  -3.5691052e-01  -2.1265212e-01   9.8329937e-01  -5.3746591e-02
   1.9854732e-01  -2.5004481e-02   3.7248245e-02   2.6345920e-01  -3.0536061e-02   8.2397371e-03  -1.6303615e-01   1.7302289e-01   2.0751100e-01
  -1.2506848e-01   6.4634531e-02  -4.6194539e-01  -2.1999687e-01  -8.1774996e-01  -3.2697003e-01   7.0239666e-01   8.7397634e-01   9.4522680e-02
  -2.0602632e-01  -6.8896154e-03  -1.9019630e-01   1.9490373e-01  -3.1108486e-01   2.1979423e-01   6.8818185e-01  -3.9381232e-01   2.0567103e-01
   1.8550523e-01  -2.6486203e-01   3.2869938e-01   1.7402165e-01   3.1987047e-01   7.5894097e-02   4.1955645e-01  -1.8090229e-01   6.3436325e-02
   5.5390713e-01   3.0732503e-01  -4.3786295e-01   2.9206294e-01  -1.3010921e-01   3.2972645e-01  -2.8191010e-01  -2.1321021e-02  -4.0653473e-01
  -3.3986140e-01  -3.3191897e-02  -1.2931673e-02   2.1861875e-01  -5.5550939e-02   5.3814556e-02  -2.6640363e-01  -1.3514453e-01  -1.9037766e-01
  -4.1277570e-01  -2.6411935e-01   7.5786134e-02  -4.2392646e-01  -1.2056383e-01   4.8561892e-01  -5.6558904e-02   1.7049922e-01  -3.0460270e-01
   2.5214206e-01   2.1495559e-01  -2.2703084e-01  -4.0110664e-02  -7.0040831e-03   7.4104940e-02  -1.1026785e-01  -1.1701417e-01  -2.6373700e-01
   9.8325530e-01   4.9675252e-01  -3.2434094e-02   3.1518335e-01   2.2096130e-01  -1.3800735e+00   7.4493772e-01  -8.5657621e-01  -1.5115327e-01
  -1.8018135e-02  -2.3695125e-03  -9.9753381e-02   1.5052484e-02   7.0462726e-02  -1.2130724e-01   4.6972678e-03  -6.0777652e-03   1.0652366e-01
  -5.9452960e-01  -6.9757167e-01   6.2178718e-01  -1.2973276e+00  -1.4830896e-01  -1.2936096e-01  -2.3699257e-01  -3.3706113e-01   2.3283699e-01
   1.4481221e-01  -4.8400581e-02   9.8501514e-02  -1.3869058e-03   1.8463225e-01  -1.3243605e-01  -2.3403715e-02   5.1550152e-02  -1.6161992e-01
   2.7584060e-01  -2.6955972e-01   5.1871169e-01  -1.9388882e-02   2.3380389e-01  -2.5463747e+00   1.9564453e+00   2.3116529e-03   2.7590334e-01
   1.3947393e-02   3.1449812e-02  -1.6559222e-01  -7.5403129e-02   8.0915628e-02  -1.0851583e-01  -1.5460302e-02  -1.5297790e-02   2.6515335e-02
  -8.6873140e-02  -1.1057285e+00  -1.4358656e-01   2.9354788e-01   6.3564074e-01   4.3411098e-01  -7.0359040e-01  -8.6963682e-01   1.2432211e+00
   2.7255040e-01   6.1331072e-01  -6.0836284e-01   4.4495131e-01   1.5929988e-01   2.1350300e-01  -1.0445482e+00   4.9275227e-02  -9.1050983e-01
  -5.6550783e-02   1.6723529e-02  -7.0627904e-02   1.2050456e-01  -1.1592428e-02   1.1406119e-02  -1.6762846e-01  -1.4894122e-01   8.7921882e-03
  -4.3053034e-02  -2.5024138e-02   2.8027507e-01   6.7644042e-03  -4.6324717e-02   1.1927604e-01   4.0934484e-02   4.1025200e-02  -2.1771687e-03
  -4.5453288e-02   6.5131118e-01   4.1308559e-01   4.7155172e-02   7.1938276e-01   6.2972942e-01   8.6715332e-01  -1.0990772e+00   5.1187634e-01
   8.3213723e-01   3.1274483e-01   8.6516641e-02   4.2221282e-01   4.5182977e-01  -9.6851004e-01   2.6749581e-01  -4.7965498e-01  -2.5338597e-01
  -8.7255439e-02  -6.0643799e-02  -2.7434899e-02   1.2789124e-01   7.4101652e-03  -2.0441619e-02  -5.8511194e-02  -1.2777567e-01   2.4679945e-03
  -2.4778178e-02  -7.1175060e-02  -7.8500283e-02   2.8129258e-02   3.6358453e-03  -2.4633235e-02   2.8135958e-01   8.1328979e-02   4.5834550e-02
   1.1464956e-02   4.1162912e-02  -1.3725891e-01  -1.4007554e-01   1.2970224e-01  -1.0516507e-01   8.2940516e-02   3.4087148e-02   4.4203328e-02
   1.6878357e-01  -1.1958943e-01   1.8514799e-01   1.0078355e-01   2.1115223e-01  -6.4125582e-02   4.7120731e-02   1.4029892e-01  -4.5323650e-01
  -7.3086084e-01  -1.6498055e-01   1.9635665e-01   3.2158741e-01   1.8479208e+00   7.8423752e-01   5.1235629e-01  -7.1905487e-01   1.6456522e-01
