  -2.2228916e-02
  -1.8842177e-01
  -1.9987740e-01
  -5.9878420e-01
  -2.2029201e-02
   4.4834863e-02
   3.6349480e-02
  -7.3632559e-03
  -4.4156431e-01
  -1.5662071e-03
   1.0585293e-01
  -2.0640461e-02
   1.2179544e-01
  -2.5174326e-01
  -3.3639261e-03
   6.2769021e-02
   2.9223859e-02
  -8.5150543e-01
   2.4443403e-01
   2.9648062e-01
   1.4521988e-02
  -3.4067074e-01
  -2.6114275e-01
  -7.9340058e-02
   3.6376619e-01
  -2.3835542e-01
  -1.9082728e-02
   1.1864851e-01
