   3.5568686e-01  -9.7358027e-02  -7.4385403e-02  -1.5353620e-01   5.7727202e-02  -2.5053433e-01  -3.7107226e-01  -5.9043843e-03  -2.6681631e-02
  -1.1915211e-01   2.5731424e-05  -3.7618153e-02   4.6407934e-02  -8.1958205e-02   5.4731342e-02   1.1523214e-02  -1.7411919e-01   1.9433560e-02
   3.8831271e-01  -1.1749599e+00   3.1663074e-01  -5.6258513e-01  -2.5312871e-01   2.1849091e-01   1.1681065e+00   8.3910944e-02   1.7233224e-01
   4.1656847e-01  -4.4249225e-01  -7.1196504e-01   6.2587545e-01   9.1927022e-01  -4.8071124e-01   2.4968049e-01  -2.0034868e-01   1.1523911e-01
   1.2612909e-01  -1.2935995e-01   2.2160554e-01  -8.0760273e-02   1.4728933e-01   1.8634320e-01   2.1325415e-01   2.7032117e-01  -1.4954959e-01
  -1.1692191e-01  -3.2005304e-03  -2.8206189e-02   4.0330575e-01  -8.1484591e-02  -3.8281237e-01  -1.1644569e+00   1.8944476e-01  -2.7367724e-01
   8.3584868e-01  -8.0975334e-01   1.9028911e-01  -8.2937527e-02   3.5700562e-01  -4.7908058e-02   4.5243563e-01  -1.1845568e+00   3.7132402e-01
   6.3174266e-01  -5.3292257e-01   5.3926618e-01  -9.1566241e-01  -2.1624698e-01   4.1004579e-01  -3.3161946e-02   5.9953566e-02   1.2304203e-01
  -5.5004595e-01  -7.6191201e-01  -2.0647983e-01   2.3754287e-01   1.1103211e+00   1.4403715e-01  -3.3384302e-01  -1.0977236e+00   2.7249041e-01
   7.5540903e-01   1.0482170e+00   7.1142913e-01   6.4693714e-01   6.1542240e-01   1.1544000e+00   9.0119864e-02   1.4553118e-02  -4.3586529e-01
  -7.9982116e-01  -1.8473407e-01  -6.5821376e-01   2.0894453e-01  -4.9911224e-01   1.0511736e+00  -1.2857913e-01  -2.6673618e-01  -5.9876897e-01
  -1.7286453e-01   1.6326255e-01  -4.3691164e-01   8.6458502e-02  -2.6067647e-02   4.9907487e-01   7.1845088e-02   5.7058419e-02  -7.4541780e-02
   2.2985157e-01  -1.4018262e-01   1.7828791e-01  -5.1093231e-02  -1.6099177e-02  -1.8980787e-01   1.6102657e-01   4.0423248e-01   5.3304077e-02
   1.0961400e-01   1.4004088e-01  -5.9017369e-02   8.9236860e-02   7.1759877e-02   9.8983997e-02   8.9824748e-02   8.6056382e-02  -3.6851295e-02
   1.1516202e-01  -5.0845811e-02   7.8839907e-01  -1.2363631e-01   7.7785644e-02  -9.7330642e-01   6.4111855e-02   3.1540362e-01   1.3573141e-01
  -1.3466558e-01  -6.7925558e-02  -3.8138520e-02  -3.6769072e-01  -1.3639665e-01  -3.9866306e-01  -1.8531920e-01  -1.6059663e-01  -5.8301264e-02
  -1.1044092e+00   1.7044930e-01   1.9620118e-01  -1.1125406e+00   4.4902103e-02   1.3725460e+00  -5.0897472e-01  -2.9028406e-01   8.6198385e-02
   4.0627030e-02   3.3857577e-01  -2.9063872e-01   5.0741860e-01  -1.5703218e-01  -3.3970713e-01   2.5052025e-01   5.1467450e-01   2.8162224e-02
  -7.8753311e-01  -8.1185845e-02  -1.0464132e-02   3.3065145e-01   1.4839221e+00   6.2003250e-01   3.1434353e-01  -5.2000556e-01  -4.2253475e-01
  -2.0236948e-01  -7.9919599e-01  -2.1515182e-01  -9.2084922e-01  -1.0157654e+00  -6.1872585e-01   9.0094103e-02  -2.1694026e-01   6.2476474e-01
   5.4249378e-01  -1.9496926e-02   5.7327928e-01  -9.2932698e-01   1.6560876e-01  -8.2336276e-01   7.4192585e-01   6.6850761e-01   3.8706359e-03
  -1.4883084e+00   4.6385456e-01  -8.0115017e-01   4.7869527e-01  -1.8027122e-01   5.3723978e-01   9.0393496e-01  -7.8775065e-01   1.1567035e-01
  -7.3255568e-01  -3.6827252e-01  -6.2289617e-01   2.9186056e-02  -1.0702156e-01   2.3369319e+00  -1.2806426e+00   7.2070287e-01  -5.5773204e-01
  -1.9892856e-01  -4.2339065e-02   3.3603252e-01   1.6382525e-01   8.5887298e-02  -1.8949223e-01   2.6207922e-02  -2.4134788e-01   2.5681434e-01
   4.5533918e-01   6.6788242e-02   8.3922987e-03  -2.2594027e-01   4.5771802e-01  -5.8922158e-01   7.1993425e-04  -1.0371506e-01   2.5252642e-01
   8.7282614e-02   5.6339152e-01   1.9125222e-02  -4.3174843e-01   1.8119152e-01   1.6036757e-01  -2.9698833e-01  -7.7498776e-01   6.5327356e-01
  -5.8406422e-02   1.3224669e-01  -1.4709968e-01   8.3249817e-04  -9.1027428e-02  -3.4699579e-01  -2.7348231e-01  -3.5679671e-01   1.5594046e-01
   2.7571579e-01   2.3041194e-01   3.3102847e-01   1.3628900e-01   1.3044856e-01   7.3355695e-01   3.7748037e-01   3.8367659e-01  -2.2544533e-01
  -1.4805195e-01  -8.8290772e-02  -1.2634840e-01  -1.3379224e-01  -1.5860351e-01  -3.1274515e-01  -1.5511273e-01  -2.1767294e-01   2.7092453e-01
  -6.9099952e-02  -5.0427825e-02  -1.2794840e-01  -3.5983733e-02  -2.0827974e-01  -4.0642139e-03  -8.4029341e-02  -2.1802768e-01   9.6876288e-02
   1.0806942e-01   3.4838761e-01  -3.2056923e-01   5.5081390e-02  -3.1258289e-01   6.0408527e-01   3.6735619e-02  -9.0669321e-02  -3.0667024e-01
   1.0083136e-01  -6.3049814e-02   4.5312377e-01  -2.1683265e-02   6.4525438e-02   2.0463748e-01   1.3842714e-01   4.2067401e-03  -1.1654171e-01
