   6.4635523e-02
  -1.5739784e+00
   7.0359832e-02
  -1.1392139e-01
   3.1275124e-01
   3.1117130e-01
   6.6639218e-02
   4.5835799e-02
  -9.2117432e-02
  -6.1848486e-02
  -5.1560634e-02
  -2.3616454e-01
  -3.8095152e-01
  -5.3068105e-01
  -3.9002165e-01
   5.5141660e-01
   2.2872326e-01
  -5.4252733e-01
  -1.2503690e-01
   6.2045925e-01
  -2.2598694e-01
  -1.2412112e-01
  -4.7022183e-02
  -5.6922433e-01
   1.0613994e-01
  -8.3490661e-02
  -5.5866374e-03
   1.3875677e-02
   1.4359771e-01
  -6.2444710e-01
  -8.5752080e-02
   1.6922943e-01
   2.5991161e-01
  -1.1569833e-01
   7.6140538e-02
