  -7.4570871e-03   7.6571517e-02  -3.6327459e-01   2.9078818e-02  -2.7852141e-01   5.0263617e-02   2.2751687e-02   4.2332470e-02  -1.4497733e-01  -4.8945230e-03  -1.0662371e-01  -5.3788917e-02   2.2478825e-01   1.8458582e-01   2.6993314e-02  -2.3729262e-02  -9.8700389e-02  -5.8697102e-02   3.1420018e-02  -2.5713055e-01  -3.2192313e-02   2.6633719e-02   7.3497897e-02   1.5213728e-01  -8.6876808e-02  -5.6303745e-03  -2.8606146e-02  -1.0643676e-01   2.2356196e-01  -3.5270613e-02   3.3864083e-02  -9.3802524e-02  -3.7322751e-02  -1.4218142e-01   8.4753493e-02  -1.1299343e-01
  -6.6842966e-02  -5.2096607e-02  -3.2301191e-02   9.3923895e-02   2.1613018e-02   8.8584195e-02   2.6481293e-02  -1.6290570e-02  -1.1543948e-01   1.0274490e-01   1.6084999e-01  -1.0734238e-01   2.6866762e-02   3.3554077e-01  -4.5926402e-02   5.2256628e-02   2.8148413e-02   1.3234765e-01   1.2046819e-01  -3.0876260e-02  -2.2374854e-01   2.7329374e-01   9.4590855e-02   1.1239564e-01  -2.7612371e-03   1.5862005e-01   2.8691432e-01  -2.2920257e-01   1.1025386e-01   8.7652858e-02  -1.6675802e-01   2.2246196e-01  -2.4799223e-02  -9.5239473e-02   1.3931407e-01  -1.7294741e-01
  -1.0348738e-01  -7.3109495e-02   1.0239808e-01  -4.4748672e-03   2.9349321e-02   8.7548322e-02   3.5959889e-01   9.5392889e-02  -1.0307707e-01  -1.6988846e-01   1.0743356e-01  -1.9771790e-01  -3.7103080e-02  -2.8940118e-02   4.4393040e-02  -8.8414829e-02  -1.9203176e-01  -1.8760617e-03  -2.8118115e-02  -4.8251436e-02   3.2199511e-01  -7.6686816e-02  -2.5696628e-02  -2.8383878e-01   1.2567050e-04  -3.0111649e-02   2.7642017e-02  -2.3726806e-01   2.9617081e-02  -6.1977027e-03   8.5662636e-02   2.2699806e-01  -1.3563303e-01   2.3593736e-01   5.9018917e-02   1.7296785e-01
   4.0229310e-01   9.9211985e-03   2.5026115e-01   2.4008665e-01   2.1160750e-01  -3.7912844e-02  -1.4489024e-01  -1.1484096e-01   1.2363180e-01  -2.2407303e-01  -2.2042617e-02   1.3912590e-02  -4.0908547e-02  -4.4901805e-01   5.7227077e-02   5.8432047e-01   1.7176038e-01  -2.4288144e-01  -2.9910277e-01  -3.1042075e-01   2.9142984e-02   5.6378518e-01   1.7030007e-01  -3.3304982e-01   5.4070141e-02  -2.2885137e-01  -2.8038490e-01   2.0292845e-01  -3.5915692e-01   3.5188086e-01   4.3159400e-01  -4.3142436e-01  -6.3230270e-02  -1.1122765e-01   4.7953419e-01  -3.3901155e-01
   5.5558211e-02   9.7266956e-02   7.9092732e-02  -7.5581349e-02   1.4524442e-01   1.9590546e-02  -1.2240402e-02   1.0686103e-01   4.8720660e-02   4.2199864e-02  -9.6362947e-02  -1.2157099e-01  -7.8247777e-02  -1.7566975e-02   2.8401915e-02   1.4524887e-02   7.7810600e-02  -2.1600846e-02  -1.6788420e-03  -1.0389113e-01   8.7216002e-04  -6.8403146e-02  -6.0203739e-02  -4.4727194e-02  -1.5929922e-02  -1.0494434e-01  -7.8479219e-02  -4.4862164e-02  -9.7841008e-02  -1.0730349e-01   1.4374509e-01  -4.4925735e-02  -5.3103128e-02  -1.9249448e-03   5.9334601e-02   9.2898310e-02
  -1.4098175e-01  -5.8551798e-02   3.0730984e-02   1.0112500e-01  -1.2671169e-01  -4.9439674e-03  -9.0511569e-02  -4.4948524e-02  -2.1263670e-01   3.6497037e-01   7.1456375e-02  -9.3485165e-02  -3.1347723e-01  -2.3178130e-01   1.2257513e-01  -1.8880336e-02   1.8881335e-02  -5.4185237e-02   2.6408518e-01   5.0937242e-01  -1.1999869e-01   1.1058669e-01  -3.7104844e-02  -3.5285828e-01   1.0462459e-01   6.1046872e-02   7.3349258e-02   1.2379565e-01  -9.6952836e-02   4.4585632e-02   1.6208540e-01  -1.6726039e-01   1.5874573e-01  -1.1716217e-01   2.8713648e-01  -4.6477207e-02
   1.5185566e-01  -2.0438707e-01  -1.0249714e-01  -1.1015712e-01  -1.8679935e-01  -1.4701832e-01   4.1671150e-01  -1.4782919e-01  -7.0128839e-02  -5.0805237e-01   2.6747934e-02  -1.1925968e-01   1.9148396e-01  -5.9669851e-02   2.9581789e-01   4.4623813e-01   2.3503699e-01   3.3024481e-01  -1.3586229e-01  -1.1192804e-01  -2.9498913e-01   8.6634391e-01   6.2489556e-01  -1.5235505e-01   2.0829895e-02   2.9288319e-01   3.8497796e-01   2.7642321e-01   1.9989788e-01   3.7335322e-01  -3.5371030e-01  -1.6335514e-01   2.8170688e-01  -3.8704862e-01   8.4303545e-01  -3.2247064e-01
   4.7253160e-02  -8.5477259e-02  -1.6000813e-02   4.6811977e-02  -4.5937854e-02  -1.1478433e-02   5.7962067e-02  -5.1074217e-02  -2.2810659e-02  -2.8724247e-02   1.2430336e-01   7.9873685e-03   5.9778917e-02   2.0957487e-02   3.1727805e-02   2.6036952e-02   1.4958504e-02   2.5801556e-02  -4.2182579e-02  -7.7426314e-03   2.6925088e-02   1.1677695e-01   4.2477745e-02   3.7630755e-03   8.4911439e-02   3.4580567e-02   3.4262445e-02   5.4966571e-02   6.9350113e-02  -9.8469216e-03  -1.0989463e-01   4.3672307e-02  -1.7253042e-02   2.9597685e-02   3.8694035e-02   1.2647921e-02
   1.8405256e-01  -1.7761554e-01   1.7592546e-01   1.9882556e-01   3.0889106e-01  -6.1056399e-02   3.1782538e-01   3.1630941e-01   2.6928268e-01  -2.6658598e-01   1.1380265e-01  -3.4975361e-01   1.3993952e-01  -5.1509112e-01  -2.8415026e-02   4.4241476e-01   4.9074792e-02  -4.7133978e-01  -1.7736892e-01  -4.2826686e-01   3.8992190e-03   2.0230937e-01   4.4737763e-01  -7.2273025e-01  -7.8245102e-02  -3.8970374e-01   3.6001994e-01  -9.8018045e-02  -2.7791746e-01   1.5358667e-01   5.0039058e-01   3.4551704e-01  -3.8224316e-01  -1.3385505e-01   8.6165098e-01  -3.3376848e-01
  -4.0436698e-02   3.3743888e-02  -6.2116958e-03  -2.6570959e-02   2.0840779e-03   3.1459469e-04  -3.4569400e-02   5.9529742e-03   7.0064853e-03   3.8426550e-03  -6.2967329e-02   1.8235609e-02  -3.0030433e-02  -1.2658358e-02  -3.3273600e-02  -8.4038034e-03  -1.9566606e-02  -9.2369684e-03   3.7839884e-02   1.1067963e-02  -2.1733060e-02  -5.6685765e-02  -7.3362156e-03   6.3010691e-03  -6.5917390e-02  -1.1053717e-02   1.1344718e-02  -3.2907344e-02  -1.9395037e-02   2.7519252e-02   4.0105523e-02  -1.2528399e-02   1.3086326e-02  -1.4681695e-02  -1.9483972e-02  -3.3238503e-02
  -1.0185664e-02  -1.4612560e-01   3.9180051e-01   2.0286625e-01   3.6464177e-01  -8.9403704e-02   1.2121528e-01   2.3272768e-01  -6.1675844e-03   1.9225371e-01   4.7593761e-01  -3.9380068e-03   3.2315750e-01   1.5936325e-01   2.6539831e-01  -1.4109562e-01  -1.2904675e-01   7.3945226e-02  -1.7393836e-01   6.6571181e-01  -2.8327755e-02   5.3061559e-02  -1.8588391e-01   2.6046878e-02   3.1281750e-02   5.7178047e-02   2.8028449e-01  -4.2810930e-01   3.3332264e-01  -1.9944586e-01  -3.1918818e-01   3.4618279e-01  -5.5777072e-02  -3.7726564e-01   4.7704265e-01   2.3536444e-01
  -3.0226862e-02  -4.0083801e-02  -7.2911840e-02   5.3993260e-02   1.1751809e-02   9.8916518e-02  -8.9328841e-03  -1.2484876e-02   2.2494802e-02   1.2927560e-02   4.4352077e-02  -2.6942643e-02   1.7548647e-04   1.0281674e-01   5.2721456e-02   6.6690773e-02  -4.8767308e-02   2.6309542e-02   2.1362504e-04   5.0635131e-02  -6.2556051e-02   4.8541217e-02   1.1145035e-02   1.3067020e-02   2.5086268e-02   1.0326343e-01   3.0173586e-02  -3.6591500e-02   5.6736760e-03   2.5401512e-02  -6.1601926e-02   5.6375011e-02   1.1288633e-02   6.8340285e-02   3.0067952e-02  -7.2027091e-02
  -3.4678836e-02  -3.4024609e-02   1.2228287e-01  -8.2220547e-03   7.5131563e-02   1.6178713e-01   9.4493273e-02  -8.2969243e-02  -4.5962342e-02  -1.2881537e-03   2.9039161e-01  -1.1519837e-01   2.1668015e-01  -1.0840839e-01   5.3898243e-02   3.5965340e-02   1.1904299e-01  -2.4146989e-01  -5.2034348e-03   8.9153443e-02  -1.5750400e-01  -1.8820342e-01  -1.7397640e-01   1.1084416e-01   1.6704365e-01   1.7418980e-01  -1.7170500e-01   2.8755994e-01   3.2149399e-01  -5.5709491e-02   6.6403783e-02   3.8484800e-02   1.2606286e-01  -1.6743087e-01  -5.6902592e-02  -1.6685006e-02
   1.5202892e-02   2.1960117e-01   2.0148721e-02   4.9363589e-01   2.3579925e-01  -9.3751468e-02  -2.9085975e-01  -2.8236186e-01  -2.2647122e-01  -1.2176467e-02   4.5036791e-01   2.3225828e-01  -1.9010490e-01   2.2161816e-01  -1.4887923e-01   2.1338592e-01   2.6291499e-02  -1.2816272e-01  -1.4958822e-03   1.0464188e-01  -5.3683356e-01   8.9186271e-02  -3.4628117e-02   1.1162230e-01  -3.8821764e-01   4.6509165e-02   1.9839960e-01  -4.0162587e-01  -3.5837521e-01   2.7256768e-01  -2.5629824e-01  -8.4219762e-02  -3.5382343e-01   3.1648802e-01  -1.7607899e-01  -4.1623988e-01
  -6.0590284e-02   1.6253936e-02   1.6193359e-01  -2.5704338e-02   1.8634696e-01   2.0821033e-01   2.5519524e-01  -7.9331485e-02  -3.2138927e-03   5.7723614e-03   9.4126331e-02   3.2294056e-02   2.6915487e-01  -3.6512158e-02  -4.7615564e-02   1.9246610e-01   5.7739715e-03  -1.9752067e-01   4.7063979e-02  -3.7777668e-02   8.2218013e-03  -1.4476856e-01   1.7724470e-02   3.9992948e-02  -2.1525406e-01   1.2074284e-02  -2.8498734e-02  -4.5952279e-02   8.6911249e-02   4.5232745e-03   2.5885320e-01  -6.8757500e-02  -1.0535061e-01  -2.6064402e-01   6.7400804e-02  -1.1507748e-01
   3.2295279e-01  -3.0914329e-01  -2.8942728e-01  -9.1538870e-02  -4.9236730e-01  -2.4645089e-01   2.7006052e-01  -1.0263277e-02  -1.3386521e-02   7.4960233e-02  -6.5209273e-02  -3.0932058e-02   4.0361631e-01  -6.1617371e-01  -1.6181041e-01   7.4465363e-02  -6.2413427e-01   7.0967326e-02   1.7445856e-01  -5.5994679e-01   4.3510148e-01   4.1632151e-02  -9.3660253e-02   1.3616034e-01  -1.2199490e-01   4.0164597e-02   2.4858432e-01  -1.2392745e-01   1.4615264e-01   2.2686405e-02   1.8143920e-01  -2.4192445e-01   2.3170972e-01   1.1230281e-01  -9.3419862e-02  -1.5827429e-01
   2.2402794e-02   3.5944738e-02   8.2423784e-02  -5.8403182e-02   1.2627780e-01  -1.4069420e-02   1.8824080e-02   8.2433767e-02   2.5766363e-02   5.6288696e-02  -5.9878200e-02  -7.0173453e-02  -7.2096531e-02  -1.5864007e-02   2.4734563e-02  -3.3324956e-02   4.4193119e-02  -4.4265139e-02   1.4079736e-02  -6.4749713e-02   6.9381882e-02  -5.6864362e-02  -7.7778542e-02  -1.0920292e-01   4.3580271e-03  -1.0737083e-01  -1.0069448e-01   3.0021884e-02  -8.8643684e-02  -9.1144742e-02   1.6919215e-01  -4.8455360e-02  -2.7970818e-02  -6.5214500e-02   4.4201976e-02   1.3053631e-01
   7.0657535e-02   3.7480961e-01  -4.1017293e-02   2.9654295e-01   8.1263157e-01   3.8346433e-01   8.3518160e-02   1.9010638e-01   1.5993935e-02   3.5622799e-01  -2.4145301e-02  -3.8232816e-01  -4.9678608e-02   8.0704232e-02  -1.8924084e-01  -2.3881398e-01  -1.6173875e-01   2.2240863e-01   3.0144546e-02   2.5955624e-01   6.5485978e-02  -6.0891688e-01  -2.9183073e-01   1.2208749e-01  -1.8118027e-01  -2.1397236e-01  -2.2870097e-01  -4.7369420e-01  -1.5198394e-01  -3.7031105e-01   2.2068296e-01  -1.1226012e-01  -1.6177201e-01   9.7157903e-02  -6.3852820e-01   4.5777298e-01
   1.4094482e-01  -8.4619665e-02   4.7817409e-01   4.3723662e-02   2.4734702e-01  -2.0676059e-01   3.8835594e-01   2.3545064e-01   7.4801730e-02   6.9683906e-02   1.0055396e+00  -2.3688363e-01  -3.5462390e-01  -1.2098749e-01   8.5214164e-02   2.2004146e-01  -3.7003752e-02  -3.9378898e-01  -3.3366863e-01  -1.6544899e-01   5.0276027e-01  -7.8144606e-02   3.2702266e-02  -2.9576026e-01   8.2146306e-03   5.5912138e-02   2.2761232e-01   6.0618238e-02  -1.7033228e-01  -7.1456153e-02   2.7023083e-01   4.5409756e-01  -2.3121794e-01  -4.6913011e-02   2.7219617e-01  -4.8146734e-02
  -3.6846783e-01   6.2369875e-02   2.2142980e-01  -4.1402969e-01  -1.2864888e-01  -2.0145532e-01  -9.3780458e-03   2.9748155e-01  -1.1240162e-02   2.7830808e-02  -1.0803901e-01  -3.1053713e-01  -6.2174444e-02   2.0646777e-01   4.4781522e-02  -2.1940351e-01   1.7716847e-01  -1.0346246e-01  -1.0251246e-02   9.8821238e-02  -2.1579900e-01  -1.6994685e-01   7.6233802e-02  -1.6118947e-01   9.0225632e-02  -1.2508881e-01   6.1200194e-02  -2.9361114e-01  -1.4321615e-01  -1.2736263e-01   5.5122541e-02  -2.2330115e-01  -1.1581518e-01   3.5998029e-01   4.7206925e-02   7.0068219e-02
  -4.8028412e-02   3.3596287e-02   2.5093736e-03  -4.9483166e-02   9.3714406e-03  -1.3090018e-02  -3.4043441e-02   1.5017910e-02   1.0714366e-02   1.4644054e-03  -8.6409183e-02   2.0513626e-02  -6.5850412e-02  -2.7329890e-02  -3.2846788e-02  -2.6522718e-02  -4.2151561e-02  -1.1679831e-02   5.1124890e-02  -9.9274022e-05   3.1958810e-03  -7.1542503e-02  -4.8090243e-03  -3.2605645e-02  -7.4368085e-02  -3.4651502e-02   1.0802928e-02  -3.1320414e-02  -3.5118152e-02   2.8412853e-02   5.9436354e-02  -5.6854602e-03   1.6583168e-02  -2.5049253e-02  -8.1526027e-03  -2.3607918e-02
   2.3438226e-01   3.3739421e-01  -5.3990533e-01   1.0357184e-01  -9.9775901e-02   7.1635647e-02  -1.3258038e-01  -1.9746473e-01  -1.6359658e-01   8.4339951e-02  -6.4107431e-02   7.6785979e-02   2.7761750e-01  -3.2780900e-03   2.2801819e-02  -4.6329685e-03  -1.7579634e-01   2.5602159e-01   9.3834692e-02  -8.9922699e-03  -6.6573223e-02   2.7334605e-01  -2.0550479e-01   2.3911714e-01  -1.4278761e-01   3.1632165e-01  -3.2654564e-01  -7.0162380e-02   1.9130702e-01  -2.2993179e-01  -3.4386102e-01  -2.1055256e-01  -1.4133982e-02  -9.4613988e-02  -7.5258086e-02   1.5492898e-01
   4.0151243e-01  -2.7987157e-01   5.6706635e-01  -8.6380776e-03   5.4742587e-01  -3.5839716e-01   3.2539738e-02   6.1458912e-01   1.7963546e-01  -3.2060074e-01   1.7075118e-01  -6.9151964e-01   2.3813183e-01   4.7601639e-01   3.5964552e-01  -1.9487850e-01   3.4601191e-01   2.0197375e-01  -1.8607899e-01   1.3870929e-01  -1.1267711e-01  -8.6722006e-02   2.6519553e-01   8.8185627e-03   8.2730685e-02  -1.2814186e-01   9.7124047e-02   8.4190747e-02   2.4705443e-01  -1.3765293e-01  -8.2840275e-02   2.9311641e-02  -1.0197182e-01  -9.5212544e-01   8.3666530e-01   4.8464337e-01
   2.4317374e-01  -8.9937591e-02  -8.1627224e-02   8.9003784e-02  -2.1098030e-01  -2.1759873e-01   2.7444591e-01   4.0491215e-01   4.7752411e-01   9.7274060e-02  -1.6391936e-01  -7.1898382e-01  -1.0525088e-01  -4.0911173e-01  -1.5162589e-02  -5.1253580e-02  -5.4581971e-02   8.2998207e-02  -1.2105570e-01  -3.7686512e-01   2.1182647e-01   2.1447577e-01  -1.3797427e-01  -2.0086945e-02  -1.2636676e-01  -7.2569930e-02   4.9517908e-02   3.1549884e-01  -2.7516787e-02  -3.1787341e-01   1.5422517e-01   7.8939364e-02  -1.2507838e-01   2.2606151e-01  -2.2218740e-01   2.8576723e-01
  -1.2364877e-01   2.2327353e-02  -5.1963579e-01  -9.9272969e-03  -6.6194089e-01  -2.3515122e-02  -4.6388442e-01  -1.7537606e-01   3.6802524e-03  -1.6989901e-02  -4.7443945e-01   3.5450881e-01   1.6930002e-01   2.8847166e-02   1.6059883e-01   6.7062769e-02  -1.3453054e-01   4.1391931e-01   1.9612650e-01  -5.9788567e-01  -8.4309424e-02   4.4216159e-01  -1.0501589e-01   6.8763328e-02  -1.0303980e-02   1.6577580e-01  -4.7586722e-02   2.7803949e-01   1.0036684e-01   2.0816398e-02  -2.2780918e-01  -1.6276902e-01   2.9319674e-01   3.1988423e-01  -3.1963208e-01  -1.2836277e-01
   6.6841546e-02   9.0859026e-02  -1.3176405e-01  -1.4519785e-01  -1.8147065e-01   3.9059114e-02   4.3055170e-02  -1.9466443e-01  -1.1829825e-01  -1.5603793e-01  -2.6595288e-02   8.4017787e-02  -1.0499823e-02   2.2629612e-02  -7.4706768e-02   3.5064056e-02  -1.1219267e-01   1.4008038e-01   6.4241923e-02  -1.6184445e-01  -1.1951892e-01   5.0203905e-02  -6.2808102e-02   4.4083063e-02  -3.7203740e-02   1.2491021e-01   5.9412051e-02  -2.8545682e-01   1.9300799e-01   8.6138365e-02  -3.3817225e-01   7.9374393e-02  -5.5933168e-02   2.3378925e-01   6.2828943e-02  -9.8036554e-02
   1.6774104e-02   5.0316602e-02   7.0862150e-02  -1.7534847e-02   6.7699559e-02  -9.6583646e-03   2.6829456e-02   2.7031484e-02   1.3040583e-02   9.8763550e-03  -4.7986993e-02  -1.9417190e-03   4.1696661e-02  -6.3302635e-02  -3.9277508e-02   1.2144017e-02   4.5997046e-02  -4.5675556e-02   1.0162958e-02  -7.7227117e-02  -2.0631687e-02  -6.7464228e-02  -1.0297207e-02   8.8413647e-03  -1.0949784e-01  -4.2498792e-02  -4.5018285e-02  -3.6340308e-02   1.5250322e-02  -8.2445115e-03   7.0806342e-02  -3.7231119e-02  -3.7711867e-02  -9.0600828e-02   7.5569957e-03  -2.7666876e-02
  -8.8853638e-02   1.0177696e-01  -1.2082487e-01   4.7810809e-02   6.9740381e-02   9.2686478e-02  -1.8190714e-01  -1.2489854e-01  -5.0246141e-03  -2.5346462e-02  -1.8479797e-01   1.9394618e-01  -3.9407259e-01  -8.5266073e-02   2.7288501e-03   4.5283288e-02  -1.3730120e-01  -8.2638002e-02   7.6786669e-02   5.5322887e-02  -7.1853062e-02  -1.7382903e-01  -5.8942041e-02  -4.8597435e-03  -2.6589755e-02   5.8018407e-02  -1.4062999e-01   2.3567813e-02  -2.6946787e-01   7.7324296e-02   8.9528956e-02  -7.2805466e-02   1.4672396e-01  -5.5682896e-02  -1.0448669e-01  -7.5067932e-02
