   1.6030665e-01
   4.3631059e-02
  -1.1699289e-01
   9.2178307e-01
   2.3865040e-01
  -4.4237616e-01
  -2.3711959e-02
  -2.4176348e-01
   2.0279694e-01
   5.0085384e-01
  -4.1026156e-02
   6.0094252e-01
   1.2819457e-01
   4.1951794e-02
   4.7408785e-01
  -3.2118337e-01
   3.3849754e-02
  -3.2654457e-01
  -6.2092181e-01
   1.4754804e-01
  -1.9912820e-01
  -4.7905483e-02
   7.9997237e-02
   6.4331759e-02
   7.7033521e-01
  -5.4404554e-02
  -1.6717006e-01
  -4.1522848e-02
  -2.5716590e-01
  -6.4222702e-01
  -4.6503881e-01
   1.7972953e-01
  -5.0328831e-02
