  -5.5883952e-02   1.4015043e-01   4.3655281e-02  -1.5674957e-01   3.8859132e-01   6.9083169e-01   5.8183757e-02  -4.6013421e-02  -1.2197401e-01
  -3.1278863e-01  -8.7245426e-02   1.0372231e-02   2.9604761e-01  -3.5211509e-01  -5.7988381e-01   3.1459693e-01   6.8532107e-02   1.7737135e-01
  -7.7714729e-02  -1.7104540e-02   1.4147309e-02  -1.7424886e-01   3.2543395e-01  -1.8592190e-02  -2.1666872e-01   2.3104772e-02  -1.2323998e-01
  -2.2396349e-01   1.4164031e-01  -5.4260363e-03  -4.9022068e-02  -9.2704046e-02   1.6770492e-01   1.5070897e-01  -5.2973117e-02   2.4423670e-01
   1.3005918e-01   3.7772929e-01  -3.7015889e-01  -3.2692787e-01   8.3408902e-02   5.9717822e-01  -5.7278970e-02  -4.2726846e-01  -3.9357372e-02
   3.8783524e-01  -7.6492793e-02  -6.0659064e-02  -3.9568801e-02  -1.2333986e-02  -1.3817503e-02   8.2219606e-02   1.1086412e-01  -2.1865896e-01
  -2.3027652e-01  -5.7116654e-01  -8.6399200e-02   5.4157872e-01   1.8563247e-01  -1.8591138e-02   3.6485734e-01  -1.1243707e+00  -5.4881858e-01
   4.2851014e-01   2.9234368e-02  -2.4873163e-01   7.9205035e-02   2.2543769e-01  -3.9964712e-01   6.9965195e-01  -2.6198503e-01   2.8325122e-01
   5.4705824e-02   7.5570742e-02   1.4695773e-01   7.1521410e-02  -9.7704842e-02  -4.5792053e-02  -3.5654705e-02   1.9684814e-02  -4.1078755e-02
  -3.5428529e-01   4.6205327e-01   6.7100084e-03   2.8126181e-01   2.0630736e-01   1.2984643e-01   2.8767921e-01   3.0685419e-01  -4.2676424e-02
   1.9368011e-01   3.2253520e-01   2.4113696e-01   1.9193618e-01  -1.3088176e-01  -1.2161119e-01  -1.3004838e-02  -1.5063863e-01  -2.1480220e-01
  -2.8674971e-01  -1.3529694e-01  -1.6245592e-02   2.3979217e-01  -1.0438677e-01   3.6135662e-01  -5.9979805e-01   4.1023116e-01  -3.9922673e-01
   2.1728642e-02   7.4183221e-01   2.7845279e-01  -5.5745712e-01  -2.6628013e-03  -3.6371116e-01   6.5525297e-01  -4.9533700e-01   4.2050638e-01
   1.4762943e-02   2.5087076e-01   1.6712395e-01  -4.6233937e-01   6.8337925e-01  -1.2904922e+00   1.2661980e+00   9.2482596e-02   9.1997275e-01
   2.3323735e-01   3.9798638e-01  -1.5838175e-01   1.5669219e-01   9.7287541e-02   7.8622449e-02  -4.5971038e-02   3.3136281e-01  -1.5237823e-01
  -1.6372281e-03   4.2528243e-03   2.6595309e-02  -2.2777383e-02   6.3282459e-02   8.1410672e-02  -7.0167366e-02   5.7303906e-02  -2.8791596e-02
  -8.5989112e-02  -1.0847803e-01  -1.8487268e-01   3.0596153e-01   2.1719391e-01   4.2572507e-02   6.8649748e-02  -2.7198828e-01   2.2176520e-02
   2.2327337e-01   2.4667608e-01   1.8450303e-01  -4.4912684e-01   1.5607206e-01   4.0642970e-01  -3.7842406e-01   5.1349536e-02  -4.9620071e-02
   8.7446185e-02  -3.0295725e-01   3.1218962e-02  -2.7558979e-01   8.1157071e-03   1.2716729e-01  -1.1025564e-01   8.3169883e-02   1.4772314e-01
  -4.6977230e-02   4.0883151e-01  -7.6631188e-02  -1.7293311e-01  -5.8707277e-02  -2.0062959e-01   4.0255774e-01  -3.7924790e-01   2.2434040e-01
  -6.8788822e-02  -3.0112999e-01  -9.9942893e-02  -1.4143326e-01   2.9214553e-02   1.2521408e-01  -1.2486385e-01   3.4106740e-01  -4.0350559e-03
  -2.5492221e-01   1.3845155e-01  -1.5429502e-01  -1.5959324e-02  -1.5818239e-01   6.0322825e-03  -2.1652453e-01   6.5700134e-03   4.8078918e-02
  -2.9693140e-01   2.2285081e-01   2.5839390e-02   2.0592307e-01  -8.6204630e-03  -8.1864254e-03   2.3757191e-01   2.3833729e-01  -1.1480744e-01
  -3.2923970e-01  -5.9872929e-01  -2.6094583e-01   5.3430774e-01   2.2486150e-01   1.2955982e-01   1.9113131e-01   6.3744576e-01   1.1077758e-01
   2.4837867e-01  -2.4578598e-01   6.1031121e-02   2.5534484e-01   3.2692006e-01  -9.5151744e-02   2.5916654e-02   2.7771923e-01  -3.1919792e-01
  -1.6928853e-01  -1.8039266e-01   1.4508297e-01  -1.0977890e-01   2.9590121e-04   9.1336006e-02  -1.0639941e-01   2.2781930e-01  -9.4387591e-02
   1.3479417e-02   4.0120596e-02  -2.8836200e-02  -6.9029105e-02   6.4836033e-02  -1.4277584e-01   6.5964945e-02  -1.8194801e-01   1.2632670e-01
   1.6319607e+00   6.2049542e-01  -1.9359455e-02   3.8523175e-01   2.8745310e-01  -1.3251071e+00   2.1991532e+00   1.2401700e-01   1.3568152e-01
   5.2477718e-02   1.4242541e-01  -7.6063688e-02  -2.1185636e-02   4.8709388e-01   1.1472006e+00  -8.5753134e-01  -2.8673137e-01  -3.9725776e-01
  -3.3429442e-01   7.5102733e-01   8.5306262e-02  -7.9775598e-02  -1.9328615e-01   4.8775236e-01   2.5339296e-01  -2.6221318e-02   5.6742807e-02
   6.9211435e-01  -1.0976572e+00  -2.2568999e-01  -3.1840464e-01  -9.5089575e-02  -3.9764586e-01   4.9867289e-03  -7.6788422e-03   4.1301288e-01
  -2.0654116e-01  -1.4325236e-01  -1.6499546e-01   1.5076865e-01   9.5856534e-02   1.2473517e-01   4.6136348e-02   2.2394061e-01   8.8490289e-02
  -2.7044020e-01   2.2281113e-01   1.6147810e-01   1.6437361e-01  -2.1005449e-01   2.1121106e-01   2.3127172e-02   1.3378358e-01  -8.9860539e-02
   6.3993837e-02  -5.4898612e-01  -1.8522313e-02  -5.1406694e-01   6.5315701e-02   6.7280239e-02  -3.1241262e-01   4.8224594e-01  -7.1832737e-02
   8.6701195e-02   5.7588646e-02   4.1396674e-02  -6.4152072e-02   2.1104960e-02  -1.5456592e-01   6.6145074e-02   1.2131645e-01  -2.2931147e-01
   1.3140352e-02   1.7393329e-02   6.6521971e-02   3.9698982e-02  -2.4955284e-02  -9.5008745e-02   4.8761794e-02   1.2954395e-01  -8.0897668e-03
  -8.1126487e-02   1.4497849e-01  -1.8891369e-01  -4.3525644e-02   1.8638228e-01  -2.2271336e-02  -1.4784920e-01  -4.1206518e-01   9.3994577e-02
   1.3294247e-01   2.4682355e-01   1.2469886e-01   1.9082388e-01  -8.2562458e-02  -7.7050464e-02   8.4855544e-02  -1.3292494e-01   7.9704094e-03
   3.0125838e-02  -3.6357150e-02   3.5675353e-01  -6.7171547e-02   3.0993922e-01  -3.5359742e-01   1.6998748e-01   2.1395027e-01   4.6127493e-01
