   2.7788651e-01
  -6.1823146e-02
   1.6209511e-01
   1.9054762e-01
   2.1099497e-01
   2.8318033e-01
  -3.4297719e-02
  -4.6781816e-02
   1.2001760e-01
   4.6304497e-01
  -1.8609088e-01
   1.6822134e-01
   2.4658154e-02
   7.7582510e-03
  -7.7215070e-01
  -2.8818625e-02
  -1.1034525e-01
  -4.1311570e-02
  -2.2445207e-02
  -3.2455375e-01
  -7.3138292e-02
   2.3405533e-01
   1.2952676e-01
  -6.9070073e-02
   3.6102887e-01
   2.7676469e-02
  -1.3996552e-01
  -1.2156291e-01
  -9.8833319e-02
   9.5232166e-02
  -1.3356106e-01
  -1.7656779e-01
   9.8278469e-03
   2.5582742e-01
  -2.2340158e-01
  -2.1867294e-01
  -2.0944496e-01
   1.3385495e-01
  -1.9381275e-01
   8.7879687e-03
   2.1864881e-01
   2.7467992e-02
   1.3308450e-01
  -7.0953133e-02
