   2.7395432e-02
  -1.6729068e-02
  -2.3405588e-02
  -1.9384771e-01
   4.8300578e-02
  -4.3314099e-02
   6.4562931e-02
  -3.1344618e-02
  -2.7129405e-01
  -1.7900548e-02
  -7.0046237e-02
   3.3246434e-02
  -1.7872047e-03
  -7.4910270e-01
  -2.2577091e-02
  -9.4585869e-02
   3.5200911e-02
  -1.6155904e-01
   1.3791240e-01
  -4.3918824e-03
   1.9495873e-01
  -7.9677658e-02
  -1.8229218e-03
  -3.1286147e-01
   1.1430601e-01
   1.1737723e-01
  -6.9809446e-03
   4.9821712e-03
