  -3.5886692e-01  -4.8757137e-02   2.1240181e-02   1.4382844e-01  -2.4651706e-01  -1.3029107e-01   5.6330631e-02   2.0381867e-01   6.8071588e-02
  -1.2743883e-01   7.1324804e-04  -1.2896130e-01   2.2548299e-01   1.3923770e-01  -2.2921562e-01  -7.2854924e-02  -1.5232718e-01  -1.0118112e-01
  -9.4708755e-02  -8.8545669e-01  -1.3292830e+00  -7.8002294e-01   5.7249733e-02   7.8947244e-01  -2.3454757e-01  -7.2734649e-01   1.0397886e+00
   6.5686297e-02   1.2177398e-01  -6.1011178e-02  -1.7569781e-01   1.0330941e-01   3.2364479e-01   2.0858604e-02   4.3390397e-01   1.7261525e-01
  -2.9191974e-01  -3.4394582e-02   5.5736574e-02  -4.5753542e-01   2.5785260e-01  -4.6227345e-01   4.4073147e-03  -1.3906065e-01  -2.3271914e-03
   7.3298746e-02  -2.1654381e-02   7.7578280e-04   7.1319411e-02   1.6126895e-02  -5.6921558e-02   1.4739730e-01  -7.7542587e-02  -3.5508959e-01
  -4.1991980e-01  -2.2531991e-01   3.3002002e-01   3.3327933e-02  -1.0294006e-01  -2.2875976e-01   8.8005091e-02  -2.5593943e-02   1.0813514e-02
  -3.1711784e-01   8.1428802e-02   1.4908010e-02   9.4882726e-02   6.1843570e-03   3.5146937e-01  -1.7599675e-01   3.7533445e-01  -1.3392307e-01
   2.1425043e-01  -4.3419328e-01  -2.9398768e-01  -4.7771618e-01   3.1734367e-01  -5.3140857e-01   5.6080669e-01   1.9946529e-01  -3.0054890e-01
   5.0881035e-01  -1.7250648e-01   3.1958494e-01   3.0574013e-02  -2.7570791e-01  -2.2221139e-01  -3.8117377e-04   5.6373920e-02   6.9547906e-03
   4.3746755e-01  -1.5171650e+00  -7.8440626e-01   5.1765516e-01   4.7789121e-01  -9.8393086e-01  -2.0863374e-02  -1.2006613e-01   6.8731938e-01
   4.3773671e-01   4.7939114e-01  -5.4784696e-02  -8.3486180e-02  -3.4861139e-01   2.4011155e-01   7.1943633e-02   6.2168857e-01   5.7608244e-01
  -2.9877992e-01  -2.7129458e-01  -1.4010915e-01  -1.3422879e-01   4.7351992e-01  -8.6292881e-02   1.0345285e-01  -6.5050562e-02   1.4322638e-01
   4.2835851e-01   7.5528181e-02  -1.6345536e-01   2.3514961e-01  -2.6660280e-01  -1.5486743e-01   1.7584005e-01   3.2700958e-02  -3.4741487e-01
  -1.4692907e-01  -1.7419133e-01   1.9484516e-01   7.8879490e-02  -1.1008510e-01  -2.4190020e-01  -1.3581703e-01  -4.1656478e-01   8.0284117e-02
   1.1667330e-01   4.8832073e-01  -2.3997048e-01   2.6434730e-01  -2.1470375e-01   1.7740441e-01   1.6809836e-02   4.1560321e-01  -1.3433937e-01
   1.1783847e-01   2.2964508e-01   1.4876687e-01  -7.7591706e-01  -2.5436935e-01   1.2507942e-01  -1.2225080e-01   5.9701409e-01   3.6328680e-01
   3.3420785e-01   7.3696703e-02  -2.4278175e-01  -2.1318391e-01  -1.5001011e-01  -3.6373931e-02   5.9498756e-02  -3.6427517e-01   1.9995888e-02
  -3.3612231e-01   1.4884088e-01   8.9111064e-02  -1.3273785e-01   1.7519993e-01  -5.4042044e-02  -4.6484528e-02  -1.7958562e-01   1.8027394e-02
  -8.4305287e-01   3.8899228e-01   8.0852638e-01  -2.0029708e-02  -8.9287251e-01  -9.2443178e-02   4.7320016e-01   2.9741623e-01  -8.1017256e-01
  -8.4207854e-02   1.8174034e-01   3.6880335e-01   8.7761672e-03   2.3444020e-01  -1.4353277e-02  -3.1367104e-02   1.0223026e-01   2.4593590e-01
  -4.6132852e-01  -8.0665130e-02  -1.0569705e+00   9.4938398e-02  -4.5553973e-02   3.2647892e-01   4.1593798e-01   1.0670188e+00  -3.6123683e-01
   4.8838870e-01  -5.8779662e-01  -4.6934387e-01   4.8074635e-01   1.6140053e-01   2.4541172e-02  -2.0805351e-01  -2.9393033e-01   4.6746608e-01
   1.7454445e-01   3.9323125e-02  -1.4172966e-02  -3.4245760e-03   1.1845169e-01  -1.9074425e-01   3.0746265e-02  -1.3476072e-01   3.2880072e-01
   1.9210976e-02   2.3702030e-01   3.5990883e-03   6.1263444e-01  -2.2870431e-02   4.9228304e-01  -1.0124674e-01   1.0038149e-01   2.8098247e-01
   1.4490255e-01  -2.5251865e-01  -4.0893117e-01  -3.2414456e-01  -1.0864801e-01   4.6052801e-02  -1.9538954e-01   7.2822383e-02  -3.4126821e-01
  -3.4340417e-01  -2.1651159e-01   5.8404082e-02   1.3816987e-01   3.7582880e-01   2.9921832e-01   2.8030664e-01  -7.5153802e-01  -2.2145376e-01
  -8.7213160e-02  -5.5489444e-02   1.4296633e-01   3.6170140e-01  -1.5031358e-03  -1.8809559e-01  -4.1109951e-02  -1.1622671e-01  -1.8604597e-01
  -3.8217745e-01  -8.9750578e-01   2.2753980e-01   1.3200709e-01   1.6201035e-01   1.1120210e-01  -7.1853855e-01   8.5051796e-01  -1.8139904e-02
   9.2003420e-01   3.9572575e-02   9.1329012e-01  -6.6182869e-02   2.2779057e-01  -6.2837476e-01  -8.5766372e-01  -2.6380932e-01  -8.2028742e-01
   1.8917943e-01  -3.5676448e-02   3.1552425e-02  -3.9178370e-02   1.0928797e-01  -1.6560274e-01   4.1666002e-01   3.4259943e-01   1.0293986e-01
  -1.5669888e-01  -6.0651484e-02  -5.5408982e-02   3.6376185e-01  -1.5387000e-01  -1.1056180e-01  -2.1736630e-01  -6.6046243e-02  -8.6426756e-02
  -2.7405559e-01  -3.0687789e-01   7.8973196e-02  -2.2742161e-01  -6.5802945e-02  -1.8692025e-01  -2.9979492e-02   8.0731358e-02   6.4617017e-03
  -2.7314085e-02   1.9776609e-01   1.3294472e-01  -2.5961723e-01  -1.5373066e-01  -5.5905606e-02  -2.2593807e-02   3.3235367e-01   1.6647416e-01
  -1.0101404e-01  -1.2682458e-01   6.5908553e-02  -4.0520694e-02   6.2549393e-02  -2.7086962e-01  -2.1535589e-01  -7.7499235e-02  -1.7223388e-01
  -4.1656646e-01   2.2734013e-01   3.1614208e-01   4.6335859e-01   1.9712156e-01  -5.9102091e-02   8.6836680e-02   3.1656871e-01   3.1506569e-01
   2.5689726e-01  -5.0248452e-01  -2.7370074e-01  -1.8581502e-01  -1.3514811e-01   7.8241790e-02  -1.3865398e-02  -2.0831136e-01  -3.3548674e-01
  -9.4804873e-01   1.1957427e+00  -1.2692416e-01  -3.5965947e-01  -6.6561183e-02   1.6287608e+00   7.9506653e-01  -8.0930749e-01  -2.6605118e-01
   4.3704629e-03   1.1893492e-01   1.0960388e-01  -1.9148085e-02  -1.9440102e-01   1.6670461e-02   1.6032202e-02  -5.2892927e-02  -6.1175153e-02
   6.6326943e-02   1.0905571e-01  -7.9978951e-02   3.8045260e-02  -7.0513398e-02  -1.7754190e-01  -1.2843467e-01  -1.3763136e-01  -1.9347928e-02
   1.8343345e-01   1.1741977e-01   3.2106374e-02   8.5877344e-02   1.0741876e-01   2.4802849e-01   1.3017848e-02   5.0702857e-02   1.4806983e-01
   3.0681339e-01   1.0982887e-01   1.2397520e-01   1.5799989e-01  -2.5507450e-01  -5.1944198e-01  -6.7679278e-02  -1.1750488e-01  -5.4235220e-01
  -9.4535933e-02   8.5954502e-03  -6.2833450e-02   2.2027614e-01   1.2369025e-01  -1.4181932e-01  -1.0238184e-01   1.5523495e-02  -1.3870409e-02
