  -4.0416356e-03   9.8668573e-02  -6.4241127e-03  -1.8849850e-02   3.3232752e-02  -6.5016172e-03  -1.0699402e-02   1.1889752e-02  -1.4494156e-02   1.9823530e-03   2.3511371e-02  -1.5308318e-02   2.2784038e-01  -6.0977903e-03  -4.6134498e-02   7.7956274e-02   1.1777193e-01  -1.1260281e-01   1.8492225e-02  -5.1826540e-03   1.2655044e-01  -5.1271487e-02   4.7901508e-02   6.3967639e-02   3.6739023e-02   3.1557420e-02   7.2985834e-03   5.0266961e-02  -9.5226992e-02  -3.5518506e-02  -2.7179694e-02   8.4964437e-02
  -1.6969036e-01  -1.3332977e-01  -1.1356633e-01   6.0307836e-03  -1.9342055e-01   1.5621692e-01   1.0767235e-01   1.8205330e-01  -1.0693924e-01  -1.8445215e-01   1.0961043e-01   1.6044573e-01  -7.4453680e-02   4.0733543e-02  -8.8391848e-02   1.9893846e-01  -3.0774287e-01  -9.5274042e-02  -3.9936537e-02  -7.4156771e-03   9.1164883e-02  -2.0773862e-01  -1.2976767e-02   5.4764357e-02  -5.2308494e-02   1.9410267e-01   1.5373292e-01  -1.1549036e-01   8.4375260e-03   1.2389871e-01   9.2582627e-02   1.7902373e-01
   1.5038831e-01  -3.6239339e-02   1.3985365e-01   1.3004707e-02   1.5369388e-01  -2.0024075e-01  -3.4523262e-01   1.6869844e-01   1.2158136e-01  -1.1169024e-01  -2.0777440e-02   1.2056142e-02   2.8006327e-01   2.0248112e-01  -1.5135940e-01  -1.5113661e-01   1.6633436e-01  -7.4949153e-02   2.1197932e-02   7.7687833e-02  -2.1103265e-01   1.1818997e-01  -2.1084629e-02   2.7032583e-01  -8.2259533e-02   3.4867559e-01   5.6683918e-02  -8.0763799e-02  -1.3756246e-01  -6.6549446e-02   2.4978057e-01   2.1527258e-01
   1.0469982e-01   1.1276505e-01  -1.2638385e-01   6.0081236e-02   3.0664743e-01   6.4467049e-02  -1.5076928e-01   4.2446018e-03  -1.1582633e-02  -2.6347872e-01  -5.9545333e-02  -7.6339431e-02  -1.6402685e-01  -1.3126277e-01   2.1068311e-01   1.9520278e-01   2.5443676e-01   2.0670137e-01   2.0658532e-02   1.2053934e-01  -4.3602878e-01   4.0825345e-02  -9.4739704e-02   1.3700963e-01  -1.6824684e-01   1.7196336e-01   1.3098775e-01  -1.3608970e-01   4.7971172e-01   1.6220956e-02   3.9810967e-01   2.4109546e-01
  -7.9856059e-02  -2.1379698e-01  -1.2871665e-01  -9.4996945e-02  -1.7940114e-02  -1.9989754e-04  -6.7674816e-02   9.5460054e-02   2.8865163e-02  -4.8459979e-02  -4.0480559e-04   9.1286257e-02   9.1357124e-02   1.1213176e-02  -5.2206810e-02  -4.7158621e-02  -7.9910589e-02   7.5060239e-02   1.6763587e-01  -1.5922475e-02   1.1884832e-02   2.7510934e-02  -1.2479468e-02   1.1628441e-03  -8.3941449e-02   7.8205660e-02   8.8464247e-02   2.4896065e-02  -1.7382724e-02  -8.1800566e-02   2.9870550e-02   1.1745319e-01
   1.0266452e-01  -3.7004349e-02  -2.7427912e-01  -2.0640655e-01  -5.0492198e-02   2.0728920e-01  -3.8620545e-01   8.2399156e-02  -1.4431250e-01   1.3280929e-01  -3.0419352e-01   8.8505626e-02   1.0780517e-01  -3.3448314e-01  -6.5647750e-01   2.0204195e-01  -1.1578741e-01  -2.7246795e-01  -3.4450665e-01   2.9687501e-01  -3.8517849e-01  -3.1506201e-01  -3.1517725e-02   4.1375274e-01   1.9854672e-01   2.3447964e-01  -1.2270852e-01  -1.4316251e-01   3.1382890e-01  -1.8151101e-01   1.1080819e-01   1.3966080e-01
  -8.1498808e-02  -2.1272903e-01   1.0403962e-01   1.2268490e-02  -1.3871816e-01  -5.3742175e-02   5.7692239e-02   2.2098063e-01   8.3409216e-02   1.8818009e-01   1.0203056e-01  -7.1067489e-02  -2.5714076e-01  -4.5635325e-02   1.5341655e-02  -7.9004368e-02  -8.7186616e-02   2.2955849e-02  -1.0954219e-01  -7.9037122e-03  -5.7033639e-05   4.1130724e-02   2.6951764e-01   2.4973450e-02  -2.1844022e-02   1.4706020e-01  -5.4783785e-02  -7.7907849e-02   3.5974011e-02  -3.1958481e-02   1.0617434e-01  -1.2088419e-01
  -3.7616164e-02  -2.6655295e-01   3.5906501e-01  -7.2433865e-02  -4.8856423e-02  -5.6212484e-02  -3.0786407e-01   1.2841940e-01  -4.2689127e-01   2.1702787e-01  -1.1407838e-01   1.9436965e-01   5.0693456e-01   1.0234921e-01   1.3993061e-01  -2.6789038e-01  -6.4684684e-01  -5.8454200e-01  -8.7661831e-03  -1.1842274e-01   3.5573995e-01  -2.7210916e-01   2.8855586e-01   9.6341217e-02   2.6483192e-01   8.9941813e-02  -7.7323121e-02   2.8319933e-01  -6.7691217e-01  -4.2076462e-01  -8.6099771e-01   6.0698221e-01
  -4.1235895e-01   1.0533001e-01  -8.4922274e-01  -3.2962203e-01  -2.6686060e-01  -9.6360621e-02   3.7126321e-01   1.8956206e-01  -6.6123422e-02  -4.0433891e-04  -1.2275127e-01   1.0248939e-01   2.4997582e-01   2.5524248e-01  -9.6617144e-02  -2.8363872e-01  -1.9901360e-01  -4.0990008e-01   3.7383390e-01  -2.4133459e-01  -2.0056575e-01  -1.4961650e-01   1.2821193e-01  -3.1650658e-01  -1.6494244e-02   1.8924601e-02   5.2529128e-01   3.7179590e-01  -1.7817723e-01  -2.8430279e-01   5.5960661e-02   2.9764698e-01
  -1.7321186e-01  -1.9285746e-01   1.7202037e-02   2.3905628e-01  -6.7088334e-02  -1.4659794e-01   1.2589439e-01  -3.0852255e-02   1.2913914e-01   1.7801824e-01  -3.7771920e-02   4.6467026e-02  -2.3238128e-01   2.1005522e-01   1.5472629e-01  -2.8562844e-01  -1.7303350e-01   2.9254474e-01   5.2274963e-02  -1.8156345e-01  -9.5041272e-03   1.3182660e-01  -2.2323508e-01  -4.2378849e-01   2.5863338e-02  -1.2429448e-01   1.3598173e-01   2.2060287e-02   9.6335246e-02  -7.5245899e-02   7.8357996e-02  -3.8467647e-01
  -1.4697147e-01  -1.4211129e-01   2.3772676e-01   7.5347818e-02  -6.0422290e-02   1.1751344e-01   5.1291485e-02   3.1971278e-02  -1.1433276e-01   1.4717610e-01  -3.0971534e-02   5.0671947e-02  -9.7635329e-02   2.4561620e-01   1.9728170e-02   3.5892692e-02  -3.4231198e-01  -3.7247873e-01   6.7419802e-02  -1.0659083e-01   4.1685245e-01  -1.7860991e-01  -1.2798404e-01  -6.4218143e-02   6.2619507e-02   3.2452222e-01   2.6072491e-01   1.6043402e-01  -2.7645207e-01  -2.2772507e-01  -2.8321577e-01  -3.0965332e-02
  -2.8528489e-02  -2.7561106e-01   5.7672206e-01  -1.3059324e-01   3.7816580e-02  -2.6986757e-01  -2.6702845e-01   5.2474605e-03   8.0408781e-02   7.8352350e-02  -1.7125126e-01  -6.8579902e-02   7.6549815e-02  -1.0358661e-01   1.9958488e-02  -1.4024853e-01  -1.9807040e-01   1.5956296e-01   6.2922173e-03  -6.2807004e-02   2.0832871e-01   3.8706277e-01   2.9814893e-01  -6.1986954e-02   1.7471911e-01  -2.7360610e-02  -2.1245560e-01   1.3346324e-01  -5.5382067e-01   9.4677160e-02  -1.0050290e-01  -7.0401275e-02
