  -2.6341375e-01
   1.4710919e-01
   1.4397633e-01
  -1.6303832e-01
   3.0435394e-01
   1.2807008e-01
   2.8383424e-01
   1.1417052e-01
  -1.2252030e-01
  -5.8363865e-01
   2.0534855e-01
  -8.5813202e-02
  -1.2268410e-01
   1.7993429e-02
  -1.3658657e-01
   2.0808182e-01
   3.4220416e-02
  -3.9407025e-02
  -1.8590904e-01
  -1.1047199e-01
  -4.6126148e-01
   3.3046612e-01
   3.5590774e-01
  -1.4334092e-02
  -7.5897238e-02
   6.0014326e-02
   1.0524061e+00
   2.5614372e-02
   2.5090443e-02
