  -3.2693662e-01  -2.3133053e-01  -1.8789376e-01   2.0430520e-01  -2.3862194e-01   2.4008948e-01  -3.0835156e-01   2.5263649e-01   1.2150745e-01
  -2.6269515e-01  -3.3656094e-01  -4.3766620e-01  -4.1931342e-01  -7.0342931e-02   4.9287005e-01   1.0014999e-01  -6.3071241e-01   4.8715148e-01
   5.5753457e-02   1.6559594e-02  -4.3668056e-02   1.9933879e-01   3.3267353e-01   6.6024659e-02  -8.8868376e-02  -1.1891292e-01   1.7723934e-01
   3.6101846e-01   3.0487915e-02  -5.1792182e-02   4.6065741e-01  -1.1742105e-01   4.0304735e-01   1.2475495e-01   2.0609904e-01  -1.1008869e-01
  -3.3305599e-03  -1.7676990e-01   1.0417553e-01  -3.1952016e-02   1.2412762e-01  -1.6984323e-01  -3.8549703e-02   2.8960102e-01  -4.4890285e-02
  -4.2101477e-02  -7.1574055e-01  -1.1179498e-01   5.1067864e-01   2.9965015e-01  -6.9742297e-02   7.5371717e-03  -3.4283477e-01   9.3219621e-02
   1.2351769e-03   1.3323275e-02   6.7000708e-02   7.5021169e-02   2.9395187e-01   1.1209547e-01   1.0798445e-01  -2.9241000e-02   1.3286697e-01
   1.1261426e-02  -5.4279053e-01  -7.6719180e-01   3.0727076e-01   1.8557028e-01  -4.8922964e-02  -4.9170651e-02   7.3113772e-01  -4.3225141e-01
   6.6651679e-01   3.5318822e-01  -4.7727677e-01   1.0499220e+00   4.0849211e-01  -6.3605083e-02   1.3024379e+00  -6.2026270e-01   9.7835348e-02
  -1.2843429e-01  -6.6088093e-02   5.9816225e-02  -6.5445756e-03   5.2074982e-01  -2.7969124e-01   4.2186039e-02  -4.8858306e-03  -9.1265597e-02
  -9.4941572e-02   1.0739774e-01  -3.4365231e-01   1.3621853e-01   1.4739371e-01   1.0799774e-01  -1.5271542e-02  -1.4987136e-01  -1.6406756e-01
  -9.6656978e-02  -5.9415097e-02  -5.1827060e-01   6.4979779e-02  -5.5668804e-01   7.6438539e-02  -2.3953318e-01   4.0050318e-02  -1.6044053e-01
   6.5979088e-02   8.7691428e-01   5.6993490e-01  -2.4621112e-01   3.3316337e-01   1.6977536e-01  -6.6566590e-01  -6.8448213e-01   3.5116948e-01
  -1.2563005e-01   9.6163236e-02   1.5479576e-01   5.0253467e-02   8.8569758e-02  -1.7077497e-02   1.9905000e-01  -1.7545880e-01  -3.0350128e-01
   1.4450576e-01  -4.2816603e-02   2.3036376e-02  -2.1655341e-02  -2.2904068e-01   1.8953050e-01   2.8604711e-02   2.5472266e-02   1.3532625e-01
   1.4107063e-02  -2.5642075e-01   2.5573448e-01   1.5788196e-01   3.2069577e-01  -1.6117870e-01   2.9960373e-02   4.0177905e-02  -9.5602025e-02
  -2.4585104e-01   4.4285052e-01   2.0808890e-01   9.2861950e-02   7.8334062e-02  -6.6281249e-01   2.7796635e-02  -2.9146041e-01   2.6632757e-01
  -8.3643836e-01   3.0474501e-01   7.0006368e-01   8.0731100e-01  -1.9928665e-02  -1.2970294e-01  -3.9583207e-02   2.7231515e-02   3.0405105e-02
   1.1639722e+00  -1.1070865e+00   3.8098667e-01  -6.4006525e-01   1.0073633e-01   3.5426634e-02   7.1809117e-01   1.1674981e+00   1.9893746e-01
  -2.5597218e-01   1.9357455e-01   7.0339111e-02  -1.4377757e-01   2.1774505e-01  -2.5024996e-01  -1.4145193e-01  -7.4947863e-02   1.5640157e-01
  -2.7126349e-02   6.0501611e-02   1.2517967e-01  -6.7719073e-01  -6.0036264e-01   1.1648469e-01  -2.1739865e-01  -5.5876968e-01   7.6624912e-02
  -2.6272149e-01  -1.6383188e-01  -4.2036534e-01   1.0269064e-01  -4.3160355e-01   2.4417417e-01  -4.6253088e-01  -1.3845643e-01  -1.3820979e-01
   2.9199699e-01  -7.9339520e-01  -7.1352949e-01   5.6246639e-02   1.9526266e-01  -5.6644293e-01  -1.1132678e-01  -4.1667604e-01   1.5120407e-01
  -1.5488803e-01  -1.1227237e-01   1.3396110e-01  -2.2482278e-01  -3.3810009e-02  -1.5686599e-01  -1.0629642e-01  -4.0848124e-02   3.9234215e-02
   4.7001115e-02   4.4647892e-01  -1.3067302e-02  -3.1637083e-01  -3.6033212e-03  -6.5926532e-02   1.2794941e-01  -1.4449442e-01   1.1499190e-01
   9.6350171e-02   1.0791212e-01   1.7754006e-01  -1.7049729e-01   2.1383399e-01  -2.5429480e-01   3.8766846e-02   1.2268170e-01   2.4247515e-01
   2.3323456e-01  -1.2795897e-01   8.2728278e-02   1.6348596e-01   1.4587755e-01  -8.7528632e-02   2.6186533e-02  -2.7848329e-02  -2.0105539e-01
   6.3208257e-02  -2.6786111e-02   7.3175703e-02  -3.2947443e+00   5.7971244e-03  -8.0565942e-02  -4.1232923e-02   2.1224021e-02  -1.8169436e+00
  -9.5814007e-01   1.0722291e+00   3.5594459e-01  -8.9261649e-02  -4.9755583e-02   3.9004899e-01   1.6498077e-01   2.3906818e-01  -3.1479480e-01
   1.4732680e-01  -9.3913001e-02  -9.6151430e-02  -2.3665145e-02   1.0747010e-01   3.7984263e-01  -5.8788476e-02  -1.5765674e-01  -2.2029052e-01
  -3.2927226e-01  -4.3498811e-01   5.4669349e-02   3.5079397e-01   1.2699342e-01   2.2939076e-01  -1.2765914e-01  -2.5852930e-01  -2.3124908e-01
   1.0167179e-01   2.0384428e-02   5.0968629e-02   6.0861401e-02   5.7149608e-02   8.0229233e-02   5.5824589e-02  -4.3119149e-02   9.3365831e-02
   7.0840694e-02   4.5178883e-02  -2.8750634e-01  -3.0454288e-01  -2.8009438e-01  -3.5069191e-01  -1.3590095e-01  -9.3964240e-02  -2.5810551e-01
   5.2166915e-01   3.6080717e-01  -1.3834630e-01   6.1041337e-01  -9.3026100e-01  -1.6900655e-01  -1.0503055e-01   6.2758163e-02   2.6671734e-01
  -3.5815142e-01  -3.5368927e-01   8.4894997e-01   1.3599535e-01   3.8658111e-01  -4.4212333e-01  -2.3564853e-01  -1.6368754e+00  -4.8642171e-01
   2.0573530e-01   2.3495687e-01  -9.1560063e-02   3.2835109e-01   9.9951414e-01   6.5941345e-02  -4.8072127e-01   1.3940274e-01  -4.1873975e-01
  -1.0703166e-01  -1.6647477e-01   1.6258889e-03  -1.3288864e-01   5.7890917e-01  -3.0346654e-01  -4.1038540e-02  -1.2187609e-01  -4.8756411e-02
   7.1308200e-02   1.6350078e-01   1.2839416e-02   5.1871765e-01   8.8108131e-01   4.2933715e-01  -3.6976911e-01   3.5928219e-01   8.2104307e-03
   1.5159232e-01   1.0734763e-01   6.5473611e-02  -1.1645679e-01   3.4060312e-01   1.6315705e-01   1.2663797e-01   1.6512446e-01  -4.9064763e-02
   3.3591248e-01   5.7542918e-01  -3.1551115e-01  -1.4690327e-01  -7.1341223e-02  -5.7231160e-01   3.3063665e-01   4.6301251e-01   2.4184076e-01
   1.5075213e-01  -1.3931010e-02  -2.3201430e-01  -2.2789155e-01  -2.0089777e-01  -2.4254795e-01   4.2850312e-02  -1.0495459e-01  -2.3696061e-01
   3.6009100e-01  -3.1675908e-01  -1.8021930e-01  -1.3838914e+00   7.5642761e-02   1.1023698e+00   4.5389851e-02  -1.7021258e-01   2.9646733e-01
  -9.5614640e-02  -1.2704084e-01  -2.1353373e-01   1.8329822e-01  -8.4175031e-03   3.7004334e-01   1.5553345e-02   2.3276801e-01   1.9432442e-01
   2.0067106e-02  -1.2445182e-01   9.6874322e-02  -1.9353299e-01   4.2389524e-02  -2.6043236e-01  -2.0930148e-02  -8.6785479e-02  -3.4696484e-01
   1.0308601e-01   3.4093812e-01   5.9534224e-02   2.5157293e-01  -8.5020754e-02  -3.6048254e-02   2.0119926e-01   6.3290041e-03  -1.3166419e-01
