  -2.2592038e-01  -5.2753301e-01  -6.1175305e-01   1.9683468e-01   3.2505159e-01   6.6043816e-02   7.2699418e-03   3.6937766e-01  -3.1804240e-01
   4.4617930e-01  -5.6086817e-01  -6.8820387e-01  -8.7615742e-01   2.6235930e-01   1.4177718e+00  -3.0155972e-01  -6.3248899e-01   1.5779191e+00
   2.8682501e-01  -3.7027842e-04  -1.5817093e-02   2.1068330e-01  -5.2087627e-01  -4.0110872e-01  -5.3087794e-02  -5.5086639e-01  -1.1950007e+00
   2.3259425e-01   1.1806872e-01  -1.3709007e-01   2.1265009e-01   3.9217468e-02  -3.6864760e-02   1.1158470e-01  -1.9899199e-01   1.4500044e-01
   1.5221926e-01   1.3503924e-01  -1.8290205e-01   9.9592384e-02  -1.9594115e-01   4.3421762e-01  -2.6247079e-02  -4.0832155e-01   1.1470338e-01
  -5.7986415e-02   4.2333713e-01   9.8121752e-01  -4.3274642e-01  -3.9853797e-01  -7.1616521e-02  -1.5445972e-01  -1.4472694e-02   9.3674009e-01
   2.5127688e-02   2.4924005e-01   9.1473348e-02   1.8697619e-01  -3.8151012e-01   2.1175215e-01  -1.2953199e-01  -6.5347313e-03  -5.8491963e-02
  -1.5436953e-01  -3.4840971e-03  -3.7391475e-02  -5.3299028e-03  -6.3577082e-03  -1.2154607e-01   7.2205860e-02   2.1567860e-01  -3.3016439e-02
  -5.5795885e-01   3.1900389e-02   2.1628197e-01  -5.0074006e-01  -1.8519075e-01  -1.3209711e-01   5.7527713e-02  -1.8297778e-01   2.9047752e-01
   1.8172592e-01   3.5426802e-02  -1.1664734e-02  -2.5844780e-01   3.6538859e-02  -2.2997978e-01  -5.0023828e-02   6.8801486e-02  -2.2103482e-02
   3.1453889e-01  -1.4566875e+00  -5.2648086e-02  -1.1132456e+00  -4.8332042e-01  -1.5105268e-01  -1.4802999e+00   8.3888312e-01  -4.3058305e-01
  -5.6885236e-01  -6.3036299e-01   5.6495639e-01   2.0644670e-01   1.8217967e-01   4.1749752e-01  -5.8968392e-01   2.8573842e-01  -1.8432938e-01
   2.9410249e-03   2.0072666e-01   7.3875101e-03   4.8449808e-01  -4.8781743e-01   3.0743613e-01  -5.1657194e-02   9.9190040e-02  -6.2416371e-01
   1.0168185e-01  -2.2895562e-02  -9.2570160e-02   1.2716246e-01  -2.1002324e-05  -2.1321936e-01   1.8819847e-01   9.1546453e-02   1.1897235e-02
   1.0046969e+00  -1.3585686e-01  -7.0438419e-02   3.3424002e-01  -2.8676718e-02  -3.2822745e-01  -1.5001785e-01  -5.7194897e-01   5.0029336e-01
   1.3685656e-02   5.4205441e-02   7.4500082e-02   8.9266266e-02  -5.5888442e-03   2.0279971e-02   9.5486131e-02   9.2814736e-02  -2.5710386e-02
  -7.8364392e-02   1.7356536e-01   2.4218363e-02  -1.1947466e-01  -5.6487333e-03   2.0512671e-01  -6.4552901e-02  -1.5425505e-01   3.0925272e-02
  -5.3463856e-02   2.4029473e-01  -4.4888061e-01   1.3674140e-01  -8.8053370e-02   4.9109977e-01   3.1108925e-02  -2.2640689e-01   2.1977358e-01
  -2.6725736e-01   3.5500552e-01   1.8448402e-01  -1.9112567e-01  -6.9442985e-02   3.2825363e-02  -3.4551326e-02   1.9427180e-01   1.5211527e-01
   1.6695652e-01   1.6765505e-01   3.8396130e-01  -1.1499221e+00   4.8659426e-01   3.7573373e-01   1.2978117e-01   1.5032626e-01   1.1308863e-01
   5.9179227e-02   2.4035542e-02  -8.9285550e-02   2.0942591e-02  -6.5754002e-02  -5.3412819e-03   1.6178184e-01   9.0504427e-03   5.9086750e-02
   1.7782637e-01  -1.8387500e-01  -1.4658345e-01  -3.5051874e-02  -8.3804567e-02  -1.1466130e-01   1.5028474e-01   4.5180263e-02  -6.4172435e-02
   6.3409654e-01   5.7901143e-01   3.0198319e-01   3.4626757e-01   1.1026364e-01  -1.0178351e+00   1.0234227e+00  -1.5006696e+00  -7.0435292e-01
  -1.5982605e-01   4.2252862e-02   3.0844578e-03  -3.2470102e-01  -2.8121987e-01   1.4969387e-01  -7.6787762e-02  -3.4354998e-02   3.1859391e-03
   7.7295020e-02   6.8390888e-02   7.5269774e-02  -3.1071610e-02  -1.3724883e-01   1.8153374e-02  -1.0273167e-01  -4.4214979e-02   1.2187651e-02
   1.1880617e-01  -2.4235928e-01   2.2863881e-01  -2.1898129e-01  -4.5000583e-02  -5.2384455e-01   4.3118013e-02   4.6542575e-02  -2.1242787e-01
  -5.9812680e-03  -1.1027553e-01   2.5193239e-01  -9.9610549e-02   1.3667226e-01  -1.7098366e-01  -7.5625592e-02   1.3486624e-01  -1.8024481e-01
   3.4577447e-02  -9.4353488e-02  -5.1485034e-03   5.0649533e-02   1.8728706e-01  -1.4279815e-02  -2.4415811e-01  -1.1028902e-01  -1.8863841e-01
   4.5045395e-01  -5.7404448e-01   1.5177373e-01  -6.4601392e-01  -2.4812776e-01  -5.6618590e-02   1.3453405e-01   4.8679486e-01  -1.1451250e-01
  -2.0289217e-01  -1.9507087e-01   5.1507352e-01  -1.1045645e-01   4.3623887e-02  -6.7812811e-01   1.1532620e-01  -9.2501518e-01   6.9565358e-01
   4.0988773e-02   2.2150462e-01  -1.3074199e-01   4.0000469e-01  -1.6590388e-01   5.3809476e-01  -3.5770602e-02  -7.6204846e-02   1.4410579e-01
   2.4756127e-01  -2.4092801e-01  -2.5784601e-02  -4.3627308e-02   1.6627534e-01   4.4747410e-02  -1.0907831e-01  -1.7000989e-01  -3.0345382e-02
   2.2686896e-01   1.4658177e-02  -7.0113829e-03  -3.8915554e-01  -1.1079430e+00   4.0223156e-01   9.5605857e-03  -6.1903873e-01  -7.1785776e-01
   3.3361000e-01  -1.2793231e-02  -7.3686128e-02   2.9153526e-01  -4.7441235e-01  -2.3161821e-02   6.2630004e-02  -9.1672594e-01  -1.2932627e+00
   3.4100921e-01   1.4529036e-02  -2.9327084e-01  -1.0785299e-01   1.4526308e-01  -1.9441361e-01  -4.2439550e-01   5.5647761e-01   5.4401062e-02
   3.6187203e-01  -4.1867424e-01  -1.6756262e-01  -3.1313822e-02   1.0012478e-01   1.3550749e-01   2.5446276e-02  -7.9683279e-02  -1.5144568e-01
   2.3774428e-01   2.0621820e-01   4.2230704e-01  -1.1631907e-01  -2.2999063e-01  -4.0004136e-02   1.2384054e-01  -1.2932310e-01   1.6169832e-01
  -8.8412273e-01   1.0797453e+00   2.0669637e-01   8.1705009e-01  -1.4305007e-01  -4.7524094e-01   3.0107906e-01   6.4845504e-01  -3.6472895e-01
  -1.5748046e-01   1.5453867e-02   2.9284317e-02   2.1068480e-01   3.8717851e-02   3.0123664e-01  -1.8596883e-01  -1.7813507e-02   8.8639142e-02
  -4.2251647e-01   6.8721367e-02   8.7920522e-02  -4.6384062e-01   2.0365850e-03   1.2973570e-01  -1.0329460e-01   2.7827392e-01  -2.3295830e-01
  -1.1913671e-01   3.3335839e-01   1.6270475e-01  -2.1574713e-01   2.9251241e-02   2.3286088e-01  -8.9648509e-02  -1.3586927e-01   3.7430601e-02
  -1.1380957e-01   1.0000343e-01  -2.1427039e-01   4.8552046e-02  -1.4325948e-03   4.2161494e-01  -1.9291273e-03   1.6823543e-03   1.0317631e-01
