   2.4976017e-01  -9.7844681e-02  -1.4572067e-02  -2.6007559e-01  -3.1056938e-01   2.0143991e-01   8.3654986e-02   1.3821977e-01   2.6950898e-01
   1.8892032e-01   5.0407934e-02   1.2312648e-01   2.3032967e-01  -1.9387094e-01   5.5622670e-04  -3.2535102e-02  -2.1306344e-01  -1.3107105e-01
   2.8665015e-01  -5.3106732e-01  -8.5708589e-01  -4.8816703e-01  -1.7557455e-01   1.7411132e-01   1.7146531e-02  -5.8835332e-01  -1.1522715e+00
  -2.8181790e-01   3.0965030e-01   1.0464971e-01  -3.8493741e-01  -2.3628401e-01   2.1664753e-01   5.7036598e-02   5.1721545e-01  -1.7247932e-01
   1.6325597e-01  -2.3130509e-02   7.8986396e-02   4.9002350e-02  -1.5757574e-01   5.2714469e-02  -1.3647310e-03  -2.6678824e-01   5.8719322e-03
  -2.0904002e-01   4.9809300e-02   1.8563352e-02  -2.9070918e-02   8.4471612e-02  -2.7937270e-01   9.6692946e-02   4.1876276e-01  -2.0968953e-01
   5.7735569e-01  -1.2253977e+00  -1.2052171e+00  -2.4972518e-01   7.8909095e-02  -8.9669473e-01  -1.1677857e+00   6.4322297e-02  -8.3055545e-02
   9.3548025e-02   6.8367951e-02   9.2345501e-02   1.5952328e-01  -1.2703242e-02   2.2667279e-01   4.0739788e-02   1.3467075e-01   4.7906159e-01
   1.6493312e-02  -2.3172021e-01  -3.2731291e-02   1.0080780e-01   1.3133677e-02   1.8470949e-01  -2.1274012e-01   1.6354756e-02  -5.6643689e-02
   4.2367027e-03   2.1764519e-01  -1.1799470e-01   5.2714584e-02   3.6284036e-03   1.2027561e-01  -1.7694120e-02   3.0861620e-01   1.6005441e-01
   2.2941211e-01   2.5204753e-02   2.2998364e-01  -1.2291402e-01  -2.7106037e-01   1.2876378e-01   1.6075525e-01   1.0640196e-02   1.0199937e-01
  -9.7381507e-01   3.6098116e-01  -5.5002015e-01  -5.9594138e-03  -6.5373074e-01   7.0933313e-01   2.8121301e-01  -3.3788913e-01   5.0089381e-01
   3.4480841e-01  -7.0855951e-01   1.5144144e-01  -1.7719618e-02   1.5755321e-01  -3.9901861e-01  -4.5013614e-01  -2.0229235e-01   2.2676740e-01
   6.1329533e-02  -6.1273283e-03  -1.3342768e-01   9.8663738e-02   1.9671192e-01   1.2427655e-01  -1.5964027e-01  -9.9335006e-02   6.5993728e-02
   2.2701295e-01   2.8874501e-01  -2.9813313e-01   2.3982558e-01  -1.8692907e-01   2.3352972e-01  -5.9219030e-02   4.2067985e-01   4.2080575e-01
  -2.1490821e-01  -3.0004172e-01  -1.9476467e-01   1.2606823e-01  -3.9427889e-01  -2.5242425e-01   2.8601252e-01   2.1096702e-01  -1.4948594e-01
  -3.7176337e-01  -9.3099429e-02  -2.1879898e-01  -9.9921365e-02   3.4572863e-02   4.6997558e-01   1.3905269e-01  -3.2198104e-01   1.7274999e-01
  -2.2646033e-01   9.8362719e-02  -1.2183786e-02  -1.5501596e-01  -2.1969178e-01   1.4594679e-01  -4.9669878e-02   2.1087211e-01  -1.1054235e-01
  -1.9420286e-01  -1.8447913e-01   1.6100297e-01  -2.2190690e-01   1.2496818e-02   2.9402763e-02   7.9385803e-02  -4.7413372e-02   4.1315230e-02
   5.4979072e-02  -7.3095796e-02   4.4022870e-02  -4.5638563e-02   1.9832209e-01  -4.6555951e-01   1.8403419e-01   9.3036641e-02   1.5750747e-02
  -4.0211283e-01  -3.9772936e-01   9.7368472e-01   4.5487341e-01   1.5663934e-01  -3.5623011e-01  -1.0136586e-01  -1.8918623e-01   1.3392323e-01
   5.9643400e-02  -4.0620888e-01   7.1588610e-02  -1.0122210e-01  -7.0680340e-02  -4.4833958e-01  -1.5344476e-01  -1.1600161e-02   4.1910551e-01
  -1.5155736e-01  -5.1789543e-02  -3.3808114e-02  -5.5738099e-04  -2.6164854e-02   2.4352732e-01  -2.1637996e-01   1.3552678e-01   1.8408300e-02
  -4.3605063e-02   2.8642595e-01  -1.6558589e-01   1.8162027e-01   7.7793156e-02   1.4652967e-01  -4.0904565e-02   7.8066281e-02  -2.2029984e-01
   2.6527578e-01   5.0890854e-02   1.3426402e-01  -1.4041782e-01   1.0492521e-01   1.4622738e-01   1.1525790e-01  -1.7935455e-01  -2.3491595e-01
   7.4797039e-03   4.6643454e-02  -6.2441798e-02   5.2252447e-02   1.9680257e-01   9.1461435e-02  -5.9912038e-02   8.1566384e-03   4.7944459e-01
   4.9908449e-01   2.4469028e-01  -6.0529368e-02   2.6800432e-01  -4.5672337e-02   1.2887436e-01   4.1980966e-02   7.6802457e-02  -1.9344175e-01
   7.1156902e-03  -8.0487586e-02  -1.3896395e-01  -1.5270148e-01   1.3258229e-01  -4.7776479e-01   2.2578282e-01  -1.0269693e-01   9.0565888e-02
  -6.8194673e-02  -2.0592436e-01   9.9028729e-02  -2.3312734e-01   1.1313492e-01  -1.8150743e-01  -1.8989831e-01  -3.0281888e-01   1.1950636e-02
   2.1504679e-01   3.7087440e-01  -4.0028645e-01   1.2861333e-01   6.2194615e-01   3.1233341e-01  -9.4698323e-02   1.2016536e+00   2.9153652e-01
   2.8159722e-01  -1.0666044e-01  -1.4454904e-01   3.3771828e-02   3.2084980e-02   1.5175487e-01   3.7096426e-02   9.2687698e-02  -1.0331872e-01
   1.2254209e-02   4.7856161e-02   2.3623654e-02   5.8796235e-02   4.3826042e-02  -1.4183708e-01   1.2778556e-01   2.2750646e-01   3.2817090e-01
   2.8298851e-01   2.3565877e-01   1.5727182e-01   1.0134833e-01  -3.9907613e-02  -2.6627010e-01   1.2338929e-01   1.6596642e-01  -2.3878300e-02
  -6.7986838e-02  -2.2384466e-02   1.9106977e-01   1.1823429e-01  -1.9529742e-01   1.8490624e-01   3.6382699e-02  -6.8382810e-02   1.9975894e-01
   2.5672744e-02   8.0360665e-03  -7.6039385e-02   7.7004986e-03   1.2503090e-01  -4.4272939e-03   1.2638823e-01   8.8431888e-02   2.3629618e-01
   3.2959270e-02  -2.4598223e-02  -1.9521713e-01   1.3759901e-01   1.7312967e-01   1.1575061e-01  -8.0949897e-02  -1.8213211e-01  -6.6299879e-02
   4.8247587e-02   2.1989072e-01  -6.7787721e-02   4.6842595e-01   3.2014827e-02   3.2381050e-01   6.0268148e-02   1.1204640e-01  -2.2625254e-01
  -6.7093674e-02  -2.5998381e-01   1.5232214e-01   3.6811384e-02   3.3873497e-02  -1.2596201e-02   1.9477581e-02  -5.0717741e-01   2.3434534e-01
  -1.2168794e-01  -1.2929753e-01   1.8535611e-01   9.3623067e-02  -1.4966444e-01  -3.8221484e-02   1.0336311e-01   8.4945929e-02   2.5935253e-01
   1.1685755e-01  -7.7639845e-02   7.1876981e-02   1.9527693e-02  -1.0348489e-01  -6.8304016e-02  -2.2919136e-02   3.8840497e-02   2.0490616e-02
   5.1638312e-01  -1.5550691e-01   9.6663175e-02   3.0397407e-02   8.5752742e-02  -3.3622774e-01  -4.5400358e-02  -1.0211405e-01   4.2281302e-01
   7.5591566e-02   1.4497281e-02  -6.0843622e-02  -1.6222787e-01  -2.5417186e-02   5.9272577e-02   8.9210241e-02  -9.8898622e-02   8.7053215e-02
  -9.6530803e-02  -2.9530502e-01  -1.3188808e+00  -1.1080137e+00  -4.0416212e-01   1.0067993e+00  -1.9163017e-01  -9.9594986e-02   8.8018185e-01
  -7.6154091e-02  -2.2720881e-02  -1.2762323e-01   1.3182379e-01   1.6789760e-02  -5.5784789e-02   6.3544410e-02   5.3009638e-02   2.4961842e-01
   2.8455973e-02  -1.7879520e-02  -1.6348181e-01  -3.5294214e-01  -3.5945618e-01   2.8069599e-01  -2.2346119e-01   9.3947797e-02   4.6752288e-02
  -4.0298187e-01   3.9737592e-01   1.2886290e-01  -2.2823425e-01  -2.1871052e-01   2.0722259e-02  -3.1622078e-01  -4.8242479e-02   3.3889712e-02
   1.4346098e-01  -1.3227732e-01  -1.1643377e-01   9.9390419e-02  -5.2221044e-02   1.0441942e-01  -6.2973806e-02   1.2977224e-02   1.2403692e-01
