   2.1169370e-01   2.9490343e-01  -3.5497472e-01   3.6132298e-01  -8.4414643e-02   1.9776040e-01   3.5944594e-01   9.9916924e-02   3.5300058e-01
  -4.1978253e-01   6.6289951e-01   2.5552092e-01  -3.9830990e-02   1.8326058e-01   4.6326703e-03   3.1248227e-01  -1.3782762e-02  -5.6981180e-02
  -5.9487698e-01   6.3399927e-03   3.6620407e-01   2.7872897e-01  -1.7745899e-01  -4.0107218e-01   1.4128666e-01  -4.0702218e-01  -3.6929943e-01
   1.9661331e-01   6.9930812e-02   6.6186234e-02  -1.8104088e-01   5.0504769e-02  -5.1071696e-01  -6.7125639e-01   2.3681748e-01   5.6653089e-01
  -7.7128345e-02   5.4549206e-02  -2.8320177e-01  -1.4551084e-01  -9.7249967e-02  -4.3871283e-02  -1.4012749e-01   4.7801652e-02  -3.7006819e-01
   6.1434383e-02   4.1646920e-02   5.3868312e-02   9.9491720e-02  -1.6254784e-01  -3.8922850e-01   5.7864783e-01  -4.5346396e-01  -1.8032696e+00
  -2.6301691e-01   6.9769744e-01  -6.6703710e-01   6.2076122e-01   2.0576563e-01   5.0089699e-01   5.0767257e-01   9.5032976e-01  -1.8889418e-01
   1.8766342e-01   6.6091606e-01   3.2923741e-01   3.0569209e-01  -1.3715793e-01  -5.0384887e-02   4.1091725e-01   2.1337968e-01  -1.4594496e-01
   9.6857966e-03   1.7362114e-01  -1.1317849e-01  -1.4040044e-01  -4.0549770e-01   1.5180743e-01   3.4243198e-02  -6.5572457e-02   1.6153825e-01
  -5.6170813e-02   1.8791202e-02   4.3265005e-01   3.0970516e-01   1.2145845e-01   4.5093176e-01   5.2737499e-02   1.3426087e-02   5.8882262e-01
  -8.8688591e-01  -1.4143637e-01  -6.8203335e-01   9.0567286e-02  -2.7562237e-01   7.7626455e-01  -6.1529343e-02  -2.4317665e-01  -1.5237152e-01
   1.2172815e-01  -1.5403733e-01   2.0549559e-01   5.2849037e-02  -1.0154442e-02   2.1925700e-01   7.7624090e-02  -1.4271145e-01  -1.3575132e-01
  -2.1998582e-02   8.1707715e-03   4.2011807e-01   9.4220504e-02  -1.7586448e-01  -1.6806696e-02   3.5615155e-02  -7.5997081e-02   3.3644807e-01
   1.7531210e-01  -1.9490249e-01  -7.5227784e-02  -1.5723451e-02   1.8655823e-02   1.0625716e-02  -8.5552739e-02   7.7299320e-02   7.6404329e-02
  -1.2015031e-01   2.4538280e-01   1.5971835e-01   1.7739102e-01   2.9581628e-01  -8.8046246e-01   3.7370577e-01  -1.6142470e-01  -4.7677030e-01
   2.6041649e-01   4.1682086e-01  -4.5519477e-02  -3.3923212e-01   1.5076437e-01  -3.2421618e-01   8.5382432e-02  -2.3436140e-02   3.6782805e-01
  -6.2830807e-02  -9.3707720e-02  -2.9398450e-02   1.8311287e-01  -8.2918170e-02  -1.3298633e-01  -8.7017696e-02  -2.5478870e-01  -1.4908868e-01
   1.1945170e-01   2.4482494e-01  -5.1101738e-01  -1.2588445e-01  -6.4150770e-01   3.8181135e-01  -4.4476719e-01   4.1963312e-01   2.1355244e-02
  -2.4579393e-01  -8.1044825e-02   1.9943713e-01  -4.8973911e-01  -2.3029067e-01   3.5550800e-01  -7.1371988e-02  -4.5702294e-02   5.3585690e-02
   2.0612774e-01   4.2969896e-02  -3.8053726e-01  -3.4446644e-01  -8.2128581e-02   2.7154889e-02   4.8147142e-01  -1.0652997e-01   2.8410549e-02
   2.9303598e-01   2.8632573e-01   1.8121165e-02   3.8618057e-02  -1.5876617e-01   5.9958687e-01   1.3403332e-01  -6.4932367e-02  -1.1754463e-01
   2.0478710e-01  -8.4655830e-03   2.0827611e-01   1.5641679e-01  -1.8153616e-01   1.7276392e-02   3.0079548e-01  -1.0631038e+00  -2.3918659e-01
   4.7266230e-01   1.2879243e-02   5.5828299e-01  -4.0419100e-02  -1.0690129e-01  -5.2242400e-01   3.3527454e-01  -2.9149046e-01  -3.8674473e-01
  -1.6233145e-01   1.3064061e-01   2.5189395e-01  -5.2836726e-01  -1.5961420e-01   1.9462270e-01   9.6017176e-02   4.8893625e-01   7.7815478e-02
   3.0158703e-01   4.9869244e-02   9.1678166e-03   6.1492766e-02  -1.3891952e-01   2.7140231e-01   8.5936408e-02  -7.3945643e-02  -1.5465670e-01
   8.2634454e-02  -2.3135334e-02   7.4891348e-02  -2.3784176e-01   2.7654809e-01   4.6414262e-01  -8.6986592e-02   2.9518476e-02   1.3458139e-01
   6.5775531e-01  -4.3593453e-01  -1.7245028e-01  -6.3604702e-03   7.4645332e-02   1.6473928e-02  -1.1034665e+00   9.3516444e-01  -2.9181432e-02
  -5.7842095e-01   8.4731474e-01   1.7205508e-01   4.1985786e-01   2.1287872e-01  -2.2768233e-01   3.9355741e-01   2.4379031e-01  -3.3174146e-01
  -2.5322716e-01   1.6091992e-01   7.0492593e-02  -1.6040215e-01   1.1291410e-01  -2.0274721e-01   1.0095732e-01   2.6509550e-01   9.5902755e-02
