   2.6264225e-02
  -1.1123725e+00
   1.0173617e+00
   7.5584105e-03
  -2.9379049e-01
  -5.3775488e-01
  -3.6797606e-01
   2.4250222e-02
   1.8352779e-01
  -7.7363937e-02
   5.0607528e-01
   5.4600870e-01
  -2.3244205e-01
   5.2524001e-02
  -1.0230150e-01
   1.1332043e-01
  -1.7689868e-01
  -1.8962108e-01
  -4.5732733e-02
   4.2305843e-01
  -8.7906276e-02
  -1.2133392e-01
  -3.0354511e-02
  -1.0704833e-01
  -1.1819014e-01
   3.7033121e-01
  -2.6787639e-03
   2.7772099e-01
  -2.2745140e-01
   2.5672150e-01
  -1.5872764e-01
   2.9756701e-01
   2.3054891e-01
   9.3043521e-01
   1.0746968e-01
   2.3192240e-01
   1.0400492e-01
  -4.3507730e-02
   1.2956383e-01
   2.5707830e-02
  -1.5182122e-01
  -3.2604862e-01
