  -1.1429352e-01  -8.9995693e-02  -2.5200442e-02  -1.7268901e-01  -3.3724735e-02   3.2759488e-01  -3.7349998e-01  -1.5745820e-01   4.0642890e-02   2.4917059e-01  -6.4343380e-02   2.3943633e-01   1.5366734e-01  -5.6115346e-02  -2.8592436e-01  -4.7021396e-01   9.9705076e-02   6.4157111e-02   1.3326345e-01  -2.2497271e-01   1.3411933e-01   4.2524243e-01   3.8032393e-02  -1.8211705e-01   1.7533345e-01   1.4834424e-01   5.3433956e-01  -3.3639004e-01  -3.3312283e-01
  -9.0758938e-02   3.9299904e-02   9.4771547e-02  -3.4687554e-02   2.1571590e-01  -7.2660123e-02   5.3463024e-02   2.2416117e-02   2.4209327e-02  -1.1264491e-01   1.1922361e-01  -9.8058534e-03  -3.7458112e-02   2.8175268e-02   9.7214674e-02   2.2851489e-03  -1.9148705e-02   4.8727470e-02  -5.5494108e-02  -6.4595080e-02   1.5026390e-01   3.2161604e-02   1.3842238e-01   1.8955407e-01   1.1578592e-01  -6.4619480e-02  -3.9557991e-02  -3.3286853e-02  -5.8945177e-02
  -2.6189572e-02  -1.7748741e-01  -9.6346013e-02  -2.1617285e-01   3.9310895e-01  -6.8730749e-01  -2.5571447e-02  -1.4181791e-02   5.4654072e-02  -2.8617644e-01   2.3183580e-01   1.0728876e-01   5.0100175e-02   6.2326181e-02   9.3772250e-02  -1.4319903e-02   2.6974469e-02   1.4868947e-01  -2.2776991e-01   1.6410562e-01   6.8859488e-01  -1.4627195e-01   3.5839493e-02   1.6401134e-01   1.4461918e-01   7.8572673e-03  -8.9547038e-02  -1.7319689e-01  -1.8215703e-01
   8.4035210e-02  -3.0855451e-02  -3.3033021e-01  -2.4843347e-01  -1.9093747e-01   2.5822824e-01   3.9232997e-01  -2.4739053e-01   1.0747529e-01   3.0440409e-01   2.3360700e-01   2.7601313e-01   2.4173242e-01   4.9974321e-04  -5.7386406e-01   1.8663894e-02  -3.3438779e-01   1.5776651e-01   3.1190996e-01   2.2771642e-01   5.5717211e-01  -3.9791363e-01  -1.8122909e-01   2.8294021e-01   2.3547974e-01   3.2799103e-01   6.0436461e-01  -9.5952378e-02   7.5225686e-02
  -1.1617161e-01   1.0300135e-01  -3.6109552e-02  -3.4551766e-01   2.0700263e-01   3.1304140e-01   6.7677285e-01   2.5757694e-01  -1.6085918e-01  -2.2412714e-01  -4.4705706e-01  -6.9116495e-02  -1.9073857e-01   1.3148095e-01   2.7347245e-01   1.8108977e-01  -2.0896675e-01  -2.8413909e-02  -1.7897894e-01   2.6372985e-01  -2.1932590e-01  -1.0844507e-01   3.6987106e-01   2.6071456e-01   1.2840705e-01   3.1966411e-02   2.8567591e-01   2.4788040e-02   1.0045867e-01
  -6.9124365e-02  -2.1242717e-01   4.3861679e-02   1.4681770e-01  -1.8223483e-01  -1.3691328e-01   1.1035855e-01  -1.7457981e-01  -9.2130219e-02  -3.6461460e-01   2.4539485e-02  -9.9513959e-03   1.4984626e-01  -5.9757008e-02   7.6798681e-02  -1.5112707e-01  -5.2103083e-02  -5.7224416e-02  -2.4829166e-01  -1.1568027e-01   1.3315242e-01  -1.8611412e-01   1.3678872e-01  -1.4610333e-01  -5.1348389e-02  -2.1365221e-01  -4.2302932e-02   7.7471293e-02   1.1629684e-01
  -7.9913225e-02   3.1669772e-02  -7.8369234e-02  -7.0023062e-02  -4.2955970e-02  -5.0310703e-02   3.0309861e-02  -1.1670952e-02   1.3897292e-01   1.1480171e-01  -3.1079975e-02   1.3145434e-01   1.4815041e-01  -9.9354753e-02  -3.1204188e-01   2.7258693e-02  -1.5586056e-01   7.3031193e-02   6.4188333e-03  -1.4380596e-01   2.5124148e-01  -9.9072329e-03  -1.1402348e-01   1.2394207e-02   1.2997702e-01   1.6311636e-01   1.5411815e-01  -5.2345557e-02  -1.3657122e-01
   4.8640220e-02  -2.2242527e-03  -9.6797255e-02  -1.3344947e-02  -7.9660474e-02   1.5370955e-02  -1.9344416e-01  -2.5774413e-03  -3.1097211e-02   1.3367913e-01  -7.1064345e-02   7.6579422e-02   5.7337501e-02  -7.4126556e-02  -1.5532494e-01  -1.5550627e-01   8.5313050e-02   8.5070669e-02   1.4074027e-01  -1.5330927e-01  -1.0655025e-01   1.5596655e-01  -5.2982435e-02  -3.4680945e-02  -2.4987220e-02   2.1355206e-01   1.4927867e-01  -5.3816523e-02  -9.9305737e-02
   3.0545980e-02   3.2474134e-01   2.3708396e-01  -3.0255693e-01   3.7456882e-02   1.2400703e-04   4.1859812e-01   1.8059209e-01   1.5100369e-01  -4.9740898e-02   1.4934905e-02  -7.4233088e-02   2.0701354e-01  -2.0477713e-01  -2.3656154e-02   2.4304325e-01  -1.0640431e-01   8.8282356e-02   1.3597446e-01   5.2374702e-02   1.6579403e-01  -1.4646326e-01  -4.6375185e-02   4.7345850e-01   1.9638271e-02  -8.5786289e-02  -5.7211450e-01   4.4823236e-01   1.1064605e-01
   3.2446844e-01   1.8281273e-01  -1.2225940e-01  -3.3944864e-01   1.1407430e-01   2.0652825e-01   7.0144005e-02   4.2090482e-01   3.2558596e-02   2.1455588e-01   3.3676544e-01  -2.8626268e-01  -1.4894644e-01  -6.8507056e-02   6.5161003e-02   5.8547525e-02   1.8877944e-02   1.9027871e-01   3.4050129e-03   3.4711311e-01  -1.5460184e-01   1.5863014e-01  -2.7405014e-01  -7.2011247e-02  -2.1814558e-02   1.3304842e-01   5.1820813e-02  -1.0617376e-01   3.6427711e-02
   9.5129429e-02  -2.0011970e-02  -1.0315757e-02   6.9396662e-02  -7.9386494e-02  -2.0045616e-01   1.9481931e-01  -4.1641475e-02  -4.1328975e-01   2.1446621e-01  -5.5242188e-02   3.5645938e-02  -2.5246446e-01   1.6462008e-01   2.4169430e-01   1.4119024e-01  -1.2361084e-01  -3.0166847e-01  -2.8000703e-01  -1.6176631e-02  -1.5368090e-01  -1.6039104e-02   9.9775831e-03  -9.9908098e-02  -2.3300161e-02   1.1394984e-01  -1.1964590e-01   1.7860555e-01   6.6828187e-02
  -2.6957242e-01   1.6111820e-01   2.8786317e-01  -3.2737120e-01   3.1869442e-01  -1.1094339e-01  -3.3648449e-02   2.2310021e-01  -9.6664150e-02  -4.9984855e-01   6.1998520e-02   3.0036958e-02  -1.4128451e-01  -4.2339577e-02   4.0539027e-01   5.7512317e-02   5.9339358e-02  -1.5498038e-02  -1.8097996e-01   7.7810946e-02   8.2536963e-02   2.2769474e-01   3.9454609e-01   2.6420634e-02   2.6102798e-01  -9.9764422e-02  -1.4656697e-02   4.4135717e-02  -1.9955965e-01
  -2.5432241e-01  -2.6255766e-01   5.0138153e-01  -5.2581952e-01  -3.2880608e-02  -1.2701419e-01  -1.6492677e-01  -3.4297077e-02  -2.9188673e-01  -2.2391037e-01   1.3530630e-02   2.9003406e-01  -3.3223446e-02  -1.3110291e-02   3.7949025e-01   1.5548525e-01   1.8127323e-01  -5.3092518e-01  -2.3345749e-01  -1.7003460e-01   2.7934764e-02   5.8748128e-02   4.4715085e-01  -2.4590353e-01   1.2888426e-02  -1.4767017e-02  -1.2597783e-01   2.9379973e-01  -4.5004796e-02
  -3.1150968e-02  -3.0080757e-02   1.2684717e-01  -6.6756671e-02   1.3009535e-01  -2.0884595e-01  -1.3480815e-01   2.4478826e-02   8.2436263e-03  -1.7614042e-01  -1.7928785e-02   5.5944939e-02   6.0295908e-02  -2.0528862e-02   5.7966949e-02   1.4905470e-02   2.6078538e-02   3.1368766e-02  -1.9865276e-01   4.2206767e-02   1.9236297e-01   1.2307336e-01   1.4196393e-01   3.0921650e-02   1.7965119e-01  -1.2662939e-01  -6.2482278e-02  -9.3301668e-02  -1.3062879e-01
   3.2105506e-02  -2.6026871e-01  -3.5815435e-02  -2.2290716e-03   5.6626550e-02  -1.3592374e-01   8.3233195e-02  -1.7673872e-01  -8.9355865e-02   6.5790449e-02  -1.0694469e-01   5.6754141e-02   1.5544111e-02   2.4729947e-01  -7.8064315e-02  -1.5406306e-01  -1.7615366e-02   1.7748991e-01  -1.3898271e-01   1.6889047e-01   2.1464204e-01  -3.5194460e-02  -7.9035982e-03   1.1024549e-01   1.5860521e-01  -9.6125170e-02   1.7350225e-01  -3.4024194e-01  -1.2623712e-01
   1.1068805e-01   7.5853081e-02   7.0500248e-02  -7.1913364e-02   3.2828181e-03   3.5232881e-04  -7.9206724e-02   1.0064971e-01  -6.4015772e-02   2.1638818e-02   5.7344441e-02  -1.4352641e-01   1.0215076e-02  -4.6607608e-02   1.4315829e-01   1.7477836e-01   9.0131420e-02   5.1895194e-02   6.1125377e-03   5.7189019e-02  -7.3411771e-02  -4.8793991e-02  -6.6724065e-02   1.0014798e-01   4.8725925e-02  -5.0072794e-02   1.9186704e-02   2.0203174e-02   1.3446351e-01
   3.2352439e-02   2.6317349e-01  -1.3759252e-01  -1.1148486e-01  -9.9274855e-02   2.0868761e-01   1.2627768e-01   1.6735560e-01  -4.0831355e-02   8.7874986e-02   1.0542909e-01  -1.5810571e-01  -1.1730928e-01   1.4367115e-02   1.8398544e-02  -4.0996428e-02  -1.7317339e-02  -8.1404395e-02   3.0137959e-01   9.9684295e-02  -2.6897883e-01   1.1038014e-01  -1.3225529e-01  -5.6228166e-02  -8.6266793e-02   2.3791569e-01   5.0366064e-02  -4.3526946e-02   8.3785609e-02
   3.1475338e-02   6.6684506e-03  -5.2261559e-02  -9.7189437e-04   1.1994980e-02  -2.0005436e-02  -5.4681675e-02  -2.8174266e-03  -1.4755061e-02   3.0238233e-02  -3.6903776e-02  -2.4790289e-03   8.1390956e-03  -4.2401419e-04   1.7914005e-03  -2.5321910e-02   3.9528257e-02   3.2251849e-02   2.0731642e-05   1.8730039e-02  -4.9790185e-03   1.1717612e-02  -1.9348084e-02  -2.6190370e-02  -2.8630531e-02   3.6021732e-02   1.3662692e-02   1.5909377e-03  -1.6458678e-02
  -6.5062016e-01   7.8080752e-02   5.3907929e-01  -1.1144709e-01   5.6398656e-02  -2.9090825e-01   1.6678384e-02  -3.2711815e-01  -2.5942028e-01  -3.0453884e-01   4.2385609e-01   1.4891477e-01  -6.2272727e-02   1.1493401e-02   4.3402495e-01  -2.0442798e-01  -1.4994253e-02  -4.9709082e-01  -2.6539586e-02  -3.4891962e-01   1.1891711e-01  -1.3435598e-02   3.6198098e-01   1.7902081e-01  -1.4059612e-01  -3.6384077e-01   7.6762449e-02   1.9512726e-01   3.8749480e-02
