   1.3161910e-01
   7.6248814e-02
  -6.5833946e-02
   1.9110815e-01
   3.0625607e-02
   9.9264741e-02
   2.3391834e-02
  -2.3056922e-01
   1.1310937e-01
  -4.7256748e-02
   4.5979059e-02
   1.1297622e-03
   2.3239319e-02
  -6.8515940e-02
  -3.4889913e-01
   5.3569503e-02
   6.1588806e-01
  -1.5215468e-01
  -5.1207630e-01
   7.6144045e-02
   1.3704358e-01
  -2.2902506e-03
   1.9459146e-01
   3.8794362e-04
   6.4090205e-02
  -8.4983942e-02
   2.3403174e-02
  -9.3602711e-02
   8.4722015e-02
  -5.0741657e-02
  -1.0225407e-02
   5.3098068e-03
  -3.3988883e-01
   1.5424604e-01
  -4.9307044e-01
   6.4143510e-02
  -5.5509303e-02
   1.7251610e-03
   7.7308677e-03
   2.2758733e-02
  -3.1540937e-01
  -2.8025104e-02
  -1.3238383e-01
   3.9427145e-01
   1.6659342e-01
   5.9637932e-03
  -7.5440159e-03
  -2.5044603e-02
  -1.4104642e-01
   2.1818537e-02
