  -8.1090533e-02
  -3.0079604e-01
   1.4471537e+00
  -3.7393117e-02
  -2.2361032e-01
   2.9912621e-01
   3.8326171e-01
  -3.8440010e-01
   1.4770182e-01
   1.5218874e-01
  -7.1059423e-02
  -2.7755305e-02
  -5.0752617e-01
   2.3320341e-01
  -1.9698899e-01
   1.0149963e-01
  -9.1832035e-02
  -6.2818342e-02
   1.3082677e-01
   1.2501802e-01
  -2.6798916e-01
  -2.6565332e-01
  -1.1423976e-02
   2.2748619e-01
  -5.8405231e-02
  -5.3471653e-01
  -8.9782240e-02
   5.8636029e-01
   2.4716111e-01
  -4.3607559e-01
   5.6390462e-02
  -8.7993671e-02
   8.5951003e-03
  -2.2048740e-01
   2.3222072e-01
   4.3373604e-01
  -3.5951681e-02
  -1.7199633e-01
  -2.6169193e-01
  -2.8791396e-01
  -1.3659479e-01
   2.1002784e-01
  -7.7668664e-01
   9.7462636e-02
   3.6902861e-01
  -5.0802563e-03
   1.1535575e-01
