   1.0247351e-01
  -5.6842389e-01
  -1.6905469e-01
  -2.4806472e-01
  -2.7176483e-01
   2.2534568e-01
   1.6812632e-02
   4.9069494e-01
  -8.2606384e-01
   1.8066478e-01
   1.2031719e-04
  -1.4741738e-01
  -1.0607187e+00
  -1.2668354e-02
   4.7940880e-02
   1.7770844e-01
   9.6784196e-02
   1.5887663e-01
   8.1553989e-01
   1.6995543e-01
  -1.0861935e-01
   6.2936766e-02
   2.3997193e-01
  -1.0637950e-01
   1.2508098e-02
   4.1465720e-02
   3.4402140e-01
   1.2897194e+00
   2.7153284e-01
   3.2662768e-02
   8.6760163e-02
  -1.1091487e-02
   6.6448887e-03
  -1.8076169e-01
   9.0352342e-02
   1.3463988e-01
   3.0165193e-02
  -2.5379251e-01
  -2.9473260e-01
   2.4518868e-02
   7.4157043e-02
  -3.6206498e-01
  -1.4384964e-01
   1.3561288e-01
   7.7006208e-02
