  -2.7672262e-01
  -1.3651189e-01
  -1.2124380e+00
   1.3112798e-01
  -1.5207958e-01
  -5.5204656e-02
   2.0885600e-01
  -3.8715672e-02
  -2.1961165e-01
  -6.2608705e-02
   3.7115861e-01
  -1.3487411e-01
  -2.5181042e-02
  -6.1579274e-01
  -7.3223760e-04
  -1.8189988e-01
  -1.4049404e-01
   2.4551614e-01
  -2.7685869e-01
  -3.0971162e-01
   4.8213289e-02
   5.5249848e-02
   1.2738357e-01
  -2.2253247e-02
  -2.3899218e-02
  -1.5705832e-01
   2.6968176e-01
  -9.1877452e-02
   2.7948184e-01
   6.8453763e-02
   4.5615691e-02
  -2.5662876e-01
  -1.9631273e-01
  -8.9753026e-01
  -1.0062904e-01
   1.7492031e-01
   1.1852957e-01
  -3.1504073e-01
  -1.0874255e-01
  -4.0371874e-01
  -5.7261969e-01
   2.1737863e-01
   1.4100750e-01
   9.7248155e-02
