   9.3901394e-03
  -2.0987746e-01
  -9.3467600e-01
  -2.7667291e-01
  -1.0347289e-02
   2.6274941e-01
  -2.3640344e-01
   1.6688327e-01
  -1.5136271e-01
  -2.3127196e-01
  -2.8412101e-01
   7.7840779e-02
  -1.6996614e-01
  -1.4343436e-01
  -3.0125385e-01
   1.6294009e-01
   3.3387664e-01
   2.0402149e-01
  -3.7760470e-01
   2.0483726e-01
  -6.8882435e-01
  -9.2013456e-02
   3.4731593e-01
   5.3166944e-01
  -9.7769330e-03
   2.5904944e-01
  -3.2506400e-01
  -2.1092838e-01
   6.4327759e-01
   5.1794771e-02
   2.8818175e-01
   3.7062238e-01
