   7.1231893e-02  -6.6544950e-02   2.0438139e-01   1.5483713e-02   2.1418199e-01  -2.8077134e-02  -1.0495361e-01  -2.2245197e-01   2.0100617e-02
  -8.7201350e-02  -1.8766864e-01   4.1610477e-03  -1.3737495e-01   8.8795757e-02  -9.8697646e-02  -2.7436825e-02  -1.3447212e-01   9.1517324e-03
  -1.5764221e-01  -1.2573187e-01  -1.8096661e-01  -1.1564247e-02   1.9364233e-01  -1.2787165e-01   1.2315131e-01  -1.7267528e-01   7.7255510e-02
   4.7951608e-02   3.1955812e-03  -6.2284097e-02   8.1614171e-02  -1.9289341e-01  -8.7869830e-03  -5.6315044e-02   3.5521608e-02   5.9976929e-02
  -6.1697020e-02  -3.2364187e-01  -1.8369281e-01  -3.5783142e-02  -2.0490651e-01   1.0102870e-01  -1.6336772e-01  -1.8178367e-01  -1.1714799e-01
   1.6881357e-01  -7.0501330e-02  -1.5361791e-02   1.4633609e-01   1.3482598e-01   9.1493573e-02   6.3939077e-02  -9.2671920e-02   4.2355116e-02
   1.0802603e-01   1.7921077e-01   1.9666526e-01   2.6632620e-01   2.0218890e-01   1.8485075e-01   6.7513013e-02   1.1790357e-01  -1.6526357e-01
  -8.0517517e-02   4.8625424e-02   1.1257610e-01   1.0641771e-01   2.4245996e-01   1.4431172e-01   1.7604122e-01  -3.5232100e-01   1.2458492e-01
  -4.1180817e-01   1.3007952e+00   4.0627999e-01  -8.3273349e-02   4.8117128e-01  -5.6784827e-03   6.1580358e-01   4.0636444e-01  -3.2377188e-01
  -3.2731667e-02   1.0727782e-01   2.5280105e-01   3.1543937e-02   3.6749917e-02   2.4345189e-01  -1.1108270e-01  -2.4891281e-02  -1.5900927e-01
   8.9051854e-03  -3.2820126e-02   1.1737417e-01   1.2630002e-02   2.9530542e-01  -1.3565396e-01   6.3079138e-02  -5.0056047e-02   3.9112308e-03
  -9.7323686e-02   4.8670989e-01   4.9871907e-01   5.6192404e-01   1.2528212e-01  -1.0664284e-01   4.2128223e-01  -5.6544228e-01   8.7017485e-01
   1.0837048e+00  -5.5752408e-01  -5.3814241e-01   1.3706494e-01   4.0275906e-02   3.8831862e-01  -2.5403575e-01   2.1104479e-01  -2.0658263e-01
  -1.5509483e-01  -2.2838511e-03  -4.0699188e-01  -2.6444810e-02  -2.7040399e-01  -6.4922275e-01   2.5951564e-01   9.3598385e-03   3.1988615e-01
  -2.7625443e-02  -2.8215062e-01   1.3566438e-01  -6.6169215e-02   1.9488056e-02  -2.3087660e-01  -6.7140339e-02  -1.0332344e-01   8.8481489e-02
   1.3751403e-01   4.0172509e-01  -1.4893209e-01  -1.1197171e-01  -1.0670199e-01  -1.3244399e-01  -5.5868516e-01  -1.2471332e+00  -3.4304951e-01
  -5.1857587e-02  -6.9449371e-02  -1.9416633e-01  -1.1078390e-01  -2.8511310e-01  -2.0296880e-01   5.6406859e-02   1.4852829e-02   1.3783917e-01
  -4.6558985e-02  -9.6939248e-02  -1.1475779e-01  -9.2470350e-03   8.0769313e-02  -3.3294554e-01   9.9748907e-02   7.0470617e-02   6.3960025e-02
  -8.2995001e-02  -1.2649092e-01   2.5009641e-03  -7.0818099e-02   7.3724737e-02   1.6179846e-01   3.9573012e-02  -4.1797762e-02   3.0666481e-02
   6.5456521e-01   2.9480146e-01  -1.1485392e+00   5.0850170e-01   1.3254185e+00  -1.2970725e-01   1.8423514e-01  -8.0002534e-01  -2.6664326e-01
   2.6626570e-02  -6.3143948e-03  -7.4986900e-02   9.7151251e-02  -2.7877848e-01   7.2347894e-02   4.9449757e-02   3.0381608e-02   8.4638888e-02
   3.6951006e-01   3.4711072e-01  -2.7742704e-01  -4.2003668e-01   5.2715786e-01  -2.3932840e-01   2.9151434e-01   1.1057623e-01   3.2618996e-01
   4.9064263e-01  -3.3159694e-01   5.9029012e-01   3.6190302e-01  -3.9996032e-01  -6.1507140e-01  -7.5956019e-01   5.9000601e-01   3.3942743e-01
  -3.1497033e-02  -3.4860309e-02  -3.3271319e-02  -2.5964040e-02  -2.0533209e-01   1.6014355e-01   6.8402832e-02   2.4646984e-02   5.5692381e-02
   7.0722329e-03  -1.4666032e-02  -6.5664680e-02   1.0438518e-01   6.9410018e-02   2.8402165e-01  -5.4076642e-02   7.3338491e-03   1.5268043e-02
  -3.6434413e-01   9.8136442e-01   1.0881279e-01  -2.1106846e-01  -6.3270498e-02   1.6103035e+00  -1.8149504e+00  -2.5398771e-01  -4.6364902e-01
  -8.7830732e-01  -4.0641438e-02   5.9493199e-03   2.2852951e-01   4.8943549e-02   7.6398335e-01  -6.0986063e-01   7.1909170e-01   3.1767107e-01
  -6.3026715e-01  -2.7974429e-01   6.2786338e-01   3.0663887e-01   4.2321827e-02  -4.7061534e-01   3.0652112e-01  -8.8992847e-02   4.5120652e-02
  -3.5694005e-02   6.6886606e-02   1.4378089e-01  -8.9404364e-02   2.1812414e-01  -2.1782841e-01  -1.6424781e-01   2.5497369e-02  -3.9067673e-02
   4.5249012e-01  -1.0994689e-01   7.3951849e-01   1.7973731e-01  -3.1775542e-02   3.7917845e-01   4.5111186e-02   3.0229427e-01  -1.7849111e-01
  -4.4074053e-01   1.1963115e-01   5.1691384e-01  -3.0454397e-01   2.6965237e-02  -1.7050861e-01  -8.4695133e-01   1.5929701e-01  -3.7181501e-01
  -1.3137578e+00  -3.1430219e-01   5.3515524e-01   1.6114377e-01  -6.1458964e-01  -4.9805041e-01  -7.5226701e-01  -2.2909786e-01  -2.3947358e-01
  -2.2623013e-01  -1.4293686e-01  -1.5450342e-01  -5.0146532e-02  -5.8003446e-02  -3.0310898e-01   9.2193850e-02   5.6590541e-02   9.2797320e-02
   3.4920621e-01   2.4596305e-02   3.1746339e-01   2.3207921e-01   2.9857229e-01  -1.4032642e-01  -2.5062608e-02  -1.5927883e-01   1.1038383e-02
   1.3064969e-01  -5.7975838e-01  -1.2015837e-01   9.6752014e-02  -3.0654656e-01   3.7918662e-01  -6.2139781e-01   3.8465338e-01  -3.9653104e-01
