  -3.5616701e-01
   1.8599813e-01
  -5.9976278e-01
  -9.1725484e-01
   2.8671326e-01
  -8.3736544e-02
   3.1171914e-02
   3.9304785e-01
  -9.8298254e-01
   4.5168073e-01
   3.2149855e-01
   1.0212250e-01
   1.1009339e-01
   1.7863781e-01
  -1.7132219e-01
  -1.2255183e-01
  -6.8213282e-01
  -5.0359189e-02
   1.0582787e+00
  -4.0531356e-01
   1.5502896e-01
  -6.6260120e-01
   3.5547201e-02
  -4.0682454e-02
  -4.7014199e-02
   4.7769518e-01
   3.2759649e-01
   3.7599414e-01
   2.2847807e-01
  -8.2362189e-02
  -1.2879481e-01
   1.8655370e-01
  -1.8373099e-02
