   1.6744422e-01  -2.7207930e-01  -1.2682046e-02  -3.8698341e-01   1.3719470e-01  -3.9031458e-01   1.4235203e-01  -3.5026493e-02   6.9248030e-02
  -5.1753319e-02   1.9812431e-01  -5.1096989e-02  -4.0030171e-02   1.8734670e-01  -2.0633197e-01  -1.6418147e-01  -1.3074695e-01  -2.4813564e-02
   2.5410490e-02  -6.1652992e-01   1.2763463e-01   1.3626197e-01  -3.7109215e-01  -6.3370178e-02   7.2654961e-03   8.4158220e-01  -1.0381578e+00
   6.0718595e-01   7.8316636e-01   7.9938959e-01  -5.6962675e-01   4.4272189e-01  -1.8924341e-01   2.0133057e-01   5.5866250e-01  -3.2256996e-01
  -2.1754745e-01  -3.3163600e-01  -9.8463908e-02   4.0007974e-01   2.6520387e-01   4.0544979e-03   2.9086173e-01   3.8582037e-01  -2.7367483e-01
  -3.4012764e-02  -2.9638453e-03  -9.0669227e-02  -2.4442036e-01  -6.1214694e-03  -1.2584989e-02   2.0284194e-01   1.5120143e-01  -3.2712123e-02
   1.1041567e-02   2.7235874e-01  -1.1139047e-03   1.7632046e-02   1.4177253e-01  -9.3627733e-02  -2.6729298e-01  -3.0853832e-01  -2.1092535e-02
  -4.1141904e-02   6.6499403e-01   1.2821838e-03   5.3300816e-02   2.1456684e-01  -2.3723302e-01  -1.1121103e-02  -1.3088625e-01  -3.5891569e-02
  -3.7231212e-01  -7.9364493e-01  -2.6336899e-01   1.5719008e+00  -1.1959056e+00  -1.7827353e-01   1.0187298e+00   4.6771935e-02  -4.2091758e-02
   4.6354167e-01  -4.3729636e-01   5.1961814e-01   8.7684941e-01  -2.6552148e-01   1.3955071e-01   1.9108607e-01   4.0593438e-02   1.7413940e-01
   1.9672796e-02   2.6461879e-01  -2.3404354e-01  -2.8486352e-01   3.0696726e-01   2.3895821e-01   2.1624994e-01   6.8434926e-01  -1.1534870e-01
  -1.4045038e-01  -6.0777097e-01   4.3518204e-01  -1.7605128e-03   3.0413167e-02   1.9374554e-01  -1.9660402e-01   2.2041588e-01   7.2430319e-01
   5.7304755e-01  -4.5036396e-01  -1.2465877e-01  -4.7899470e-01  -1.6074233e-01   1.4589023e-01  -3.3782387e-01   3.1595278e-01  -2.7755458e-02
  -1.5857599e-02   8.6901887e-02   1.1180893e-01   8.6235827e-02  -3.5386597e-02  -6.0815530e-02  -1.8691844e-01  -1.5556355e-01   9.9883510e-02
  -2.0716678e-01   2.8452556e-01  -4.7431504e-01  -1.4242852e-01  -9.2918062e-02   1.3000100e-01   5.2624915e-02   5.1215484e-01   2.2686956e-01
   3.1744668e-02   1.4553794e-01  -6.5969878e-02  -7.4467915e-02  -6.6660604e-03  -1.8114079e-02   1.3199617e-01   5.1595995e-02   5.0192816e-02
  -8.6711536e-01  -7.8200501e-01   1.7719140e-01   5.4690816e-01   4.5863740e-01  -1.5325696e+00   1.2956429e-01   1.8792624e-01   8.0813018e-01
  -1.0767794e-01   2.4638012e-01  -4.3780271e-02   2.7797563e-01  -2.4341532e-01  -9.9732226e-02  -2.0144615e-02   2.2866237e-01   1.0045438e-01
  -4.5720807e-02   2.8923848e-01   2.1379189e-01  -1.0563827e+00   1.0617397e+00   2.9583184e-02   2.8845862e-01   2.0032644e-01   4.5806807e-01
   7.1223413e-03   8.5100072e-01  -4.3770001e-01   3.4054394e-01   3.6962115e-01   5.9084333e-01  -6.0606952e-01   1.9474311e-01  -1.0605197e-01
  -3.7282119e-01  -5.9057430e-01  -7.7473615e-03   1.9233920e-01   2.3278677e+00  -2.0921486e-03  -3.8087002e-01  -8.5285870e-01   4.8640034e-01
   1.0153633e+00  -2.5223259e-01   8.0712221e-01  -5.2790956e-01  -9.9215574e-01  -6.1946562e-01  -5.2070844e-01  -4.4736189e-01  -1.6771882e-01
  -3.0756417e-03   1.9855633e-01   6.2777272e-02   4.0653198e-02   6.2513746e-02  -1.4798744e-01  -1.2029939e-01  -1.5139580e-02  -2.2049825e-02
   4.0951660e-02  -4.9975049e-02   2.1808072e-02  -2.4604158e-01  -7.7766532e-02  -5.4839711e-02   1.8042093e-01   3.6079865e-02   4.7497752e-02
   6.7016087e-02  -2.8172715e-01   5.5091473e-02  -9.6799470e-02  -9.4354691e-02   1.5993237e-01   1.2221935e-01   2.5980960e-02   7.9549585e-02
   1.7586633e-01  -4.1354735e-01  -1.2840156e+00   2.2766347e-01  -1.9763062e-01  -2.2890357e-01  -3.4896752e-02  -1.7399101e-01  -3.3027916e-01
   1.4712167e+00  -8.0419082e-01  -5.4888599e-01  -8.0018652e-01   1.4507672e-01   6.0632458e-02   1.3315196e-02   1.7887499e-01  -4.0229732e-01
   2.9202670e-01  -6.9109802e-02  -2.0672759e-01   1.1302555e+00   1.3680515e+00   5.9612783e-02   1.2211324e+00   5.4093048e-01  -3.3700628e-01
  -1.0714374e-01  -4.1271503e-01   2.5794268e-01   1.2435904e-01   2.9790427e-01  -5.3549077e-02   2.0917080e-01  -8.3901273e-01  -4.5592082e-01
   4.5699838e-02   2.6786433e-01   1.8273495e-02   2.3821197e-01   1.7193821e-01  -2.3643486e-01   8.0746318e-01  -6.3945518e-01   2.6869644e-01
   2.5038292e-01   7.9793192e-01   1.1229479e-01   2.1837702e-01   6.6245228e-02  -4.6777145e-01   6.4772178e-01  -4.0681775e-01   1.4044222e-01
  -5.8257223e-01  -1.9380980e-01   1.2951413e+00  -4.3200752e-02  -2.7063244e-01  -3.7582139e-03   1.7263404e-01  -8.2496674e-01   5.1330884e-01
   2.4175874e-02   5.5044232e-02  -4.6281316e-02  -2.7151643e-02   8.5335097e-02  -1.6601541e-02  -7.9391481e-02  -3.3488658e-02  -3.6393598e-02
