   1.4142194e-01
  -5.6786560e-02
  -4.5500959e-01
  -8.3643506e-02
   5.6319274e-02
   2.9311082e-02
  -4.7092213e-02
   7.9825287e-02
  -3.3636864e-02
  -1.6061028e-03
   1.2266203e-01
   3.3736952e-02
  -2.7956121e-01
   2.2551572e-01
  -1.1354075e-02
   1.1053497e-02
  -1.1854014e-01
   1.7733042e-01
  -1.9729596e-02
  -2.6157056e-02
  -4.7789442e-01
  -9.5762369e-03
   1.6667312e-01
  -2.2053586e-02
   9.2147518e-02
  -5.1925183e-02
  -8.9984688e-02
  -5.3800520e-02
   1.1311637e-02
  -3.1301765e-01
   9.5142216e-02
   1.9500836e-01
   6.6812720e-02
   7.0372097e-01
   2.5180645e-02
   4.8513516e-02
  -3.9123924e-02
   5.0170520e-02
  -2.1576406e-01
   7.4008226e-02
  -4.6341047e-02
  -8.4401169e-02
  -6.2633402e-03
   6.2102830e-03
   2.5070048e-01
  -2.0485923e-02
