   4.6434148e-03   1.0194769e-01   3.3854519e-01  -1.4509795e-01   1.2780571e-01  -1.5760396e-01   2.4010060e-02   8.5657267e-02   7.7475650e-02
   5.0301379e-01   8.3388969e-02   7.3276837e-02  -2.2621695e-02   3.2470804e-01  -9.7566343e-03  -8.1796893e-02   1.6829242e-01   8.6531834e-02
  -2.0771921e-01   1.5972759e-01   1.5290623e-02   4.3458179e-01  -1.6084432e-01   2.5995663e-01   4.1183415e-03   1.8735339e-01  -4.4245045e-02
   7.6225791e-02   7.3522523e-02   7.0500984e-02   7.1748384e-02  -1.7908771e-01   1.6320183e-01   1.4593283e-01  -1.9221541e-02   5.3160270e-02
   2.0236779e-01   8.4216673e-02  -1.0221596e-01   8.5147556e-02  -2.4675113e-03   3.8750279e-02   2.4477372e-02   3.6920587e-02  -6.2213439e-02
  -1.4821151e-01   6.1022317e-01  -1.0605156e+00  -2.8929862e-01   1.9295013e-01   8.5440688e-01   4.1671009e-01   2.8178600e-01  -4.4745235e-01
   8.2700775e-02   6.5433309e-03   1.2298604e-01   4.1895047e-01  -1.0007840e-01  -5.5575393e-02   1.4154503e-01   1.8772013e-01   4.0464097e-02
  -5.4212952e-01   4.6769433e-01   4.6561361e-01  -1.9537776e-01  -8.9680460e-02  -9.7725289e-02   3.0273279e-01   2.5666539e-01  -6.4844300e-02
  -4.1041830e-01   5.5764612e-02   1.3410395e-01   2.9652807e-01  -2.7178033e-02   1.9442691e-02   1.2058602e-01   9.1247879e-02  -1.8929774e-02
  -1.7196587e-01  -2.2824444e-01  -1.1099469e-01  -6.2467508e-02   2.0020956e-01  -1.6079293e-01   1.0662140e-01  -2.6196848e-01   1.0013986e-01
  -3.9543471e-01   4.6696526e-01   1.1519232e-01   6.5942048e-01   1.3434530e-01  -3.2695103e-01  -1.8601574e-01  -6.3872281e-02   2.4279183e-01
  -4.4057421e-01  -1.4935526e-01  -1.1196196e-01  -2.1165090e-01  -4.7048807e-02  -1.2605210e-02  -2.3095812e-01  -4.1904574e-01   1.3121797e-01
   1.7142162e-01   3.2553684e-01  -1.7841846e-01   9.3232622e-02  -3.4422312e-02  -2.1341430e-01   5.0889054e-02   3.3814753e-01   1.4759375e-01
  -4.3594054e-01   3.6725086e-02  -1.7279759e-01  -4.3345968e-01  -1.5056511e+00  -5.2567231e-01  -5.3572371e-01  -1.9930655e-01  -2.2063860e-02
   1.1154526e-01  -1.1317336e-01  -1.7914116e-01   1.3242593e-02  -6.2304991e-02   9.7492484e-02   7.5233432e-02  -1.6735788e-01   7.1584766e-02
  -4.5009839e-01   3.2688354e-01   1.2736036e-01   1.6583037e-01   6.3188019e-02  -3.3834620e-02   2.1517497e-01   8.1145369e-02  -6.4193199e-03
   8.3426524e-02   2.6157730e-02  -1.1980560e-01  -2.6681476e-01  -2.0443461e-01  -1.7588172e-01  -3.4331592e-01   8.6675002e-02  -4.3910032e-02
   1.7242571e-01  -1.7697013e-02  -7.4233792e-02  -7.1080226e-02  -1.3250726e-01   3.1373746e-01  -3.6292392e-02   7.0750480e-03  -1.7175445e-02
   3.6321586e-01  -1.6371362e-01   2.4302738e-01  -5.0716591e-01   2.0112657e-01  -1.7038082e-01  -1.9517428e-01  -1.9947415e-01   3.0380612e-02
  -6.2092475e-01   3.2053292e-01  -7.5162478e-02   4.4476075e-02  -3.3256441e-01   4.0399777e-02   3.3949102e-01   2.7534849e-01  -3.5412667e-01
  -7.6164404e-03   2.2246884e-01   1.2588180e-01   4.4444338e-02  -1.6603348e-01   8.5719458e-02   1.7841223e-01   2.3020658e-03   8.8968323e-02
   1.3217658e-02  -5.6926010e-02  -3.0260158e-02  -1.3060048e-01   1.4651196e-01  -1.3504996e-01  -1.3998978e-01   3.5943660e-02   8.4288638e-02
   5.3737612e-01   2.2647176e-01   7.4352607e-01  -1.0059137e+00   8.7845914e-01   5.7167139e-01  -9.1170072e-01   2.4203676e-01  -1.7148479e-02
  -4.7896211e-01  -5.5724888e-01  -1.2927706e-01  -7.9705980e-02   1.0650883e+00   1.6471090e-01  -4.1025504e-01  -7.3252416e-01  -1.2155437e-01
  -4.3545909e-01   9.7723847e-02  -2.6046206e-01  -3.5172674e-03   5.0135024e-01   5.0392742e-01  -9.3424576e-01  -2.0712239e-01   2.4715751e-01
   2.0828131e-01  -1.5225458e-01   2.0511947e-01  -3.0389530e-01   4.6490075e-01   3.7379876e-02  -2.1689102e-01   7.6372072e-02   2.8858476e-01
  -1.6533371e-01   3.2700562e-03   9.6114138e-02  -3.8101399e-01   1.5569588e-01  -3.3257530e-01   4.8117821e-02  -5.3028568e-01   2.5559780e-01
  -4.5831624e-03   2.2653973e-02   3.7007026e-02   3.0642999e-01   6.0431710e-02  -2.7259372e-05  -6.5587458e-02   6.0387706e-03   1.3431809e-03
  -2.3804279e-01   1.1325408e+00  -6.2779304e-01  -1.4352192e-01  -1.5963259e-01   4.7361229e-03   1.9000397e-01  -2.2917796e-01   1.9361156e-01
   1.0957244e-01  -1.5420520e-02  -1.9760058e-02  -3.1108693e-02  -9.9592054e-02   2.4368778e-01  -7.7566345e-02  -3.7929807e-02  -9.7440657e-02
   1.4309006e-01   1.0553549e-01   4.0765014e-01  -5.5962802e-01  -5.4882885e-01   9.3572087e-02  -2.9795428e-01  -2.9632237e-01   7.9122275e-02
