   1.7111645e-01  -9.7397749e-02  -7.4566266e-02   1.0052319e-02   5.0680712e-01   1.8211620e-01   5.6880718e-02   1.3520257e-02  -7.8754258e-02
   2.5463175e-01  -7.6230134e-02  -2.0448344e-01  -9.7865632e-02   1.0836008e-01   1.2360758e-01  -7.9217525e-03  -4.6934770e-02  -4.0599741e-02
   3.1100358e-01   9.4060324e-02  -3.7087139e-01   3.3219430e-02   6.5394527e-01   3.0664916e-01  -2.3469677e-02   3.1559798e-01   1.6335899e-01
  -1.1995434e-01  -1.7950115e-01  -1.4350849e-01  -5.7584676e-02  -1.3652899e-01   5.4519990e-01  -2.8160365e-01  -4.5246714e-01  -1.2254282e-01
  -8.4073093e-02   3.9466245e-01   2.5329230e-01  -6.0707634e-02  -2.9752865e-02   5.9916043e-01   2.5069340e-01  -2.4696393e-01   1.9625884e-01
  -5.4221682e-03  -1.8676595e-02  -6.1985773e-02   5.5345001e-02   9.4423349e-02  -2.5935187e-01   1.1247257e-01  -1.0690947e-02   3.3593513e-01
   1.4494992e-01  -4.2626477e-02  -5.8863245e-02   1.9591450e-02  -1.1313391e-01  -4.7550308e-01  -2.3984926e-01   3.2163252e-01   1.3805644e-01
  -5.7046128e-02   1.7245329e-01   4.6992463e-01   2.3134973e-01   1.2202096e-01  -4.2544517e-02   3.8793740e-02  -6.8891168e-03  -3.7039860e-01
   2.6734632e-01   3.1838034e-01   6.3905192e-02  -5.9832746e-02   2.9599408e-02  -2.1684102e-01  -1.2350799e-01   3.0941591e-01   1.0110898e-01
  -5.5557845e-01  -3.2472562e-01   1.3592100e+00  -6.6284476e-01   1.2029339e+00   4.9247019e-01  -5.8504628e-01   3.6932329e-01  -1.2456781e-01
  -1.9871891e-01   1.7574217e-01  -5.7380079e-02   6.7782420e-02   1.1766818e-01  -3.2281926e-01   1.1382060e-01   1.2919578e-01  -6.6770485e-02
  -1.2648491e-01  -1.6557772e-01   5.1862257e-01   1.1402671e-02   3.7855810e-01  -3.2158352e-01   5.8940016e-01  -7.6526868e-01   3.7283167e-01
  -1.3030431e-01   4.0535701e-04  -8.1507744e-02   1.0245665e-01  -5.5865582e-02   2.3257438e-01  -5.8136868e-01   8.7748251e-02  -2.1589717e-01
   2.0600028e-01   1.7375796e-01   2.2734245e-01  -9.2590148e-03  -2.0519622e-01   6.0615549e-01   1.4983939e-01  -1.9966489e-01  -1.0698430e-01
  -9.5972225e-02  -1.7766509e-01  -2.1986301e-01   3.6507822e-01   4.2845088e-01  -1.3351502e-01   2.9292394e-01   1.7752079e-02   4.2647696e-03
  -7.0417891e-01  -8.2529569e-02  -5.4526290e-02  -8.2456220e-01  -9.6742193e-01  -7.2787021e-01  -3.0105210e-01  -6.7520393e-01   5.1670714e-01
   6.0247477e-01  -2.0490004e-01   3.4091047e-01  -1.0176042e-01  -1.1011875e-01  -3.4041054e-01  -4.3412086e-01  -3.0633070e-01   4.1799010e-01
   3.2562430e-02  -2.5463744e-01  -1.1625616e-02   6.5502013e-01  -7.7196388e-02   1.9753624e-01  -4.1235679e-01   4.8017090e-01   2.1026812e-01
   4.4061520e-01   2.9086607e-01  -5.2308689e-01  -1.0573107e+00   3.5097323e-02   2.4574227e-01   5.6291397e-01   5.2484387e-01  -1.9935119e-01
  -1.9189136e+00   2.3560975e+00  -4.5416682e-01  -2.1486698e-02   1.5000862e-01   1.7705037e-01  -5.8316885e-01  -8.0003650e-02  -4.2550133e-01
   9.7666394e-01   8.5126591e-01  -4.9195954e-01   1.8701432e-01   3.0081409e-01   2.2415569e-01   3.7181318e-01   2.7329685e-01  -5.4154873e-02
   2.1625581e-01  -5.6484037e-01   6.2846068e-01   1.0477309e-01  -3.6752582e-01   2.0724385e-01   5.8450951e-01   1.4269516e+00  -1.1217433e+00
   1.2409415e-01   1.6994081e-01   2.4022188e-01   5.0949380e-02  -6.0545467e-02   2.2954134e-01  -1.4313712e-01  -5.6553022e-02  -9.2581414e-02
   3.0037348e-01   1.7197460e-01   2.6304970e-01  -1.0728877e-01  -7.9238805e-02  -2.8576795e-01   1.3371526e-01  -4.2769197e-01   2.6339255e-01
   3.4456986e-01   1.2139532e-01  -2.6149506e-01   2.0139438e-01  -9.5378805e-01  -3.4943669e-01  -5.6000513e-02  -1.4817889e-01   3.2796010e-01
  -1.3813667e-02   1.2471933e-01   8.7877641e-02  -4.7223701e-01  -1.5440235e-01  -5.4335157e-01   6.0782805e-01  -6.8018374e-01   2.6333680e-01
   1.7641210e-01   3.2058831e-02  -2.7135320e-01  -4.8800039e-01  -1.1441742e+00   1.5094160e-01   2.0975146e-01   3.9819897e-01   1.3834618e-01
   3.4971468e-01   5.3741783e-01   1.8070619e-01  -3.5157906e-01   1.2730304e-01  -8.6424813e-01   6.7701900e-01   7.6839554e-01  -5.9911580e-02
   9.7315010e-02   2.5370654e-01   8.9524575e-02  -5.6368894e-02  -9.9882355e-02   1.8709191e-01  -1.9352737e-01  -2.3414153e-02  -5.9899238e-02
  -7.9311824e-02   8.2563932e-01  -3.6066382e-01  -4.8082187e-01  -1.4421788e-02   1.7390148e+00  -2.7475917e-01   1.5616403e-02  -3.2616658e-01
  -2.3002107e-01  -3.6780188e-01   1.2682128e+00  -2.9915936e-01   8.0122751e-01   1.7687967e-01   3.1795616e-01   3.9936209e-01  -1.4363574e+00
   1.5240926e-01   7.0803080e-02   4.3411880e-02  -2.8199186e-02  -3.1735867e-01   1.8587236e-01   1.6004292e-01  -1.3533075e-02  -4.1617394e-02
  -2.4153499e-01   1.0548977e+00   4.0203642e-01  -4.9838590e-01  -1.3742533e-01  -4.5842680e-02   2.2530693e-01   2.0038731e-02   5.8536304e-01
  -1.1545930e-01  -2.6358199e-02   1.1637355e-01   1.3765968e-01   1.3466759e-01  -3.5278748e-01  -2.5041256e-01   1.1679149e-01   5.9844676e-02
   7.1134353e-02  -6.3369346e-02   6.4234236e-01  -2.7246072e-01  -7.4251788e-01   2.8581332e-04  -6.0978270e-01  -2.1918626e-01   7.1213338e-02
   2.3578327e-01   2.4429300e-01  -1.9717257e-01  -2.4948683e-02   4.2528727e-01   7.5352952e-01   2.3087274e-01   6.7684723e-01   2.0338210e-01
  -7.3041273e-01  -2.2966494e-01  -4.4200751e-01   2.4079745e-01  -4.0440344e-01   2.3588198e-01  -3.1562103e-01   6.7516680e-01  -1.9200561e-01
   1.4501590e-01   1.5459153e-02   1.6091373e-01  -5.2801214e-03  -1.0558393e-01   3.1964249e-01   2.2706993e-01  -1.3569483e-01   3.7078361e-01
  -1.1681648e+00  -5.7477292e-01  -5.8690489e-01   6.8259517e-01  -1.7356970e-01   7.1570847e-01  -1.1787968e+00   1.1738486e+00  -8.5630533e-01
