   7.7479160e-03
   3.1765795e-02
  -5.2100417e-02
  -4.2933947e-03
   7.0544732e-02
   1.7201009e-01
   1.1685192e-01
   8.2124863e-03
   1.0848095e-01
   6.6150237e-03
  -6.0562551e-02
  -1.6751694e-02
   6.6501945e-03
   3.5473793e-02
   3.4596038e-02
  -3.1053615e-02
  -2.8380812e-02
  -3.9879595e-03
   1.4340750e-01
  -9.4529676e-02
  -1.7847451e-02
   8.9356365e-02
   1.2649725e-01
   5.5429210e-01
   2.2105407e-01
   7.4366739e-04
   5.1854174e-03
   3.3752558e-01
  -1.4127392e-01
   1.1811603e-01
