   1.7666924e-01   4.3158684e-02  -4.7017421e-02  -8.2443719e-02  -5.9745073e-02   1.9199313e-01   3.9207488e-02   2.1318867e-01   8.6868398e-03   1.7973277e-01   9.2011858e-02   1.2435507e-01  -1.5655037e-01  -5.1736494e-02  -2.1454234e-02  -1.4333482e-01  -1.0303329e-01   4.4104990e-02  -1.8780820e-01  -1.4537557e-02  -4.3992026e-02   5.6654350e-02  -1.6775553e-01   1.1945987e-01   1.7262441e-01  -1.2932646e-01   8.2774280e-02  -1.1763110e-02  -9.7892238e-02  -1.0144920e-01   5.0763683e-02   2.1537937e-02   8.8751930e-03  -9.7838735e-02  -1.1168848e-01  -7.0534078e-03
   2.6040240e-02  -8.8391476e-03   2.2842875e-02  -4.3124879e-02   1.7484136e-02   5.1821734e-02   6.7136641e-03  -4.3633461e-02   2.1957218e-02   6.5140213e-02  -5.5726437e-02  -4.6412073e-02   1.0900511e-02   1.0229223e-01  -1.4478727e-01  -1.4698355e-02   2.9228583e-02   2.3239354e-02  -4.7405720e-02   2.4620707e-02   8.8477594e-02   9.4516329e-02  -5.7172255e-02  -3.4527899e-02  -6.1560166e-02  -1.0540154e-02   1.3105977e-02  -3.6863064e-02   7.9412703e-02  -2.9842047e-03   9.1023065e-02  -5.1383849e-02  -4.0128314e-02  -6.5981588e-06   9.5545834e-03   4.9923012e-02
  -1.0712453e-01  -1.5794042e-02   6.7849871e-02   3.9100740e-02   1.0289063e-01  -1.1684002e-01  -9.1925159e-02  -3.2932672e-02  -3.1676074e-03  -9.9962422e-02  -6.9792949e-02  -9.8624590e-02   7.6582086e-02   6.1945025e-03   2.5496749e-02   4.4002528e-02   7.3770860e-02  -1.7852270e-02   1.3057365e-01   5.9621022e-02   8.9762746e-02  -3.3166714e-02   1.0564802e-01  -1.1917055e-01  -6.0448783e-02   7.0420154e-02  -8.0015552e-02  -1.2904264e-02   8.3320951e-02   2.7612129e-02  -6.4340456e-02   2.7560841e-02   2.1697538e-03   2.4868025e-02   7.9686287e-02  -2.6039009e-02
  -1.3710411e-02   5.6905426e-03  -1.1545878e-02  -2.2278018e-03  -2.3966362e-03  -3.8832741e-02  -1.2665716e-03   1.8740322e-02  -1.2503807e-02  -3.9975721e-02   2.0401340e-02   1.1321635e-02   1.7095340e-03  -3.4185968e-02   7.9557618e-02   2.3948131e-02  -7.8571561e-03  -1.9516451e-02   1.4568510e-02  -1.6334531e-02  -4.4927580e-02  -5.7921455e-02   3.8659117e-02   7.3366634e-03   4.5772903e-02  -9.1150113e-03   2.2258973e-03   4.2142548e-03  -1.4117139e-02   1.3503139e-03  -3.1851522e-02   2.1253110e-03   1.8390416e-02  -1.0873716e-02  -1.9608227e-02  -4.2180954e-03
  -5.9520872e-02  -7.8914118e-02   8.0435326e-02   9.6283433e-02  -1.3194425e-02  -1.1118903e-02  -4.8658675e-03  -8.2671124e-02   5.1536689e-02  -6.4710215e-02   4.9635058e-02   2.3463578e-02  -7.3003461e-03   5.8822873e-02   4.8645672e-02  -2.5997271e-01   6.3850551e-03   1.7138718e-01  -4.8378638e-02   3.8910455e-02   3.3230181e-02   6.9476049e-02   2.6838013e-02  -1.4991522e-01  -2.2398041e-01   1.3812826e-01   5.9464696e-03   3.8258654e-02   4.3802979e-02  -3.2978702e-02   2.4709147e-02  -2.8771309e-02   6.8759468e-02  -3.1937515e-02  -8.3962883e-02  -1.6619018e-02
   2.5993727e-03  -2.3788340e-02  -1.6347679e-01  -2.1269678e-02  -7.9024615e-02  -8.8556792e-02   3.0441319e-02  -3.2799600e-02  -2.3000498e-01   1.7905183e-01   1.4309984e-01  -5.6994597e-02  -1.3597761e-01  -6.8915622e-02   1.9369836e-01   5.6992544e-02  -1.0258534e-01   8.6477325e-03   3.5456790e-01  -9.6603046e-02  -1.5552105e-01  -6.7717809e-02   1.7132702e-01   7.4460146e-02   2.2569949e-01   4.5438629e-02  -2.2406336e-02   4.6710529e-02  -1.7684653e-01  -5.5029846e-03  -2.1338059e-01   3.9639828e-02  -8.1563810e-02   1.6553921e-02  -9.2981106e-02  -2.8787969e-02
   2.9797223e-01   3.1730967e-01  -2.9482884e-01  -1.3089674e-01  -3.0251526e-01   8.6923197e-02  -3.5754877e-02   6.5666156e-01  -1.1723409e-01   5.4065101e-01   5.2122143e-01   3.6880923e-01  -5.4308508e-01  -1.9021932e-01   4.1104236e-01  -2.2099652e-01  -2.6899339e-01   4.3074106e-01   1.2126780e-02  -4.0919953e-01  -8.4100166e-01  -1.9656317e-01  -1.8683994e-02  -2.1952434e-01   6.3366700e-01  -1.9015105e-01   1.8055014e-01   6.4357993e-02  -5.8179321e-01  -2.3613763e-02   3.1955999e-01   5.3954372e-02  -1.9659088e-01  -2.9243502e-01  -4.0726933e-01  -4.1629955e-02
   6.3101557e-02   2.3014681e-01  -1.0094932e-01  -6.4093887e-02   1.7587845e-02   9.0775361e-02  -4.3197477e-03   2.4595535e-01  -1.1480699e-01   4.5707695e-01   2.0735745e-01   3.0138355e-01  -1.8218517e-01  -4.6756649e-02  -3.5386075e-02  -1.1388602e-02   1.6349567e-02   1.1238599e-01  -4.9340137e-02   5.1426470e-02  -3.4320767e-01   9.6088189e-02  -2.5739969e-01  -2.6863880e-01   3.4809616e-01  -1.9579305e-01   1.3223210e-02   1.6859290e-01  -2.4367557e-01  -1.5838141e-01   1.0809066e-01   7.7508536e-02  -1.0488934e-01   1.2597073e-01  -1.0791995e-02  -2.1357489e-01
  -1.4024387e-01   1.6430553e-01   1.4845083e-01  -2.4294552e-01  -1.8663504e-01   2.5806957e-01  -1.3932000e-01  -2.5501308e-01   2.2633759e-01   1.1822699e-01   6.3203226e-02   1.4012248e-01  -6.6561025e-02  -1.3964945e-01   3.5952204e-01  -3.5930096e-01  -5.7955910e-02   1.5119197e-01  -1.5289383e-01  -1.6800065e-01  -2.3022044e-01  -2.3409206e-01  -9.8151612e-02  -3.8977190e-01  -8.1856585e-03  -6.7890199e-02  -1.3085869e-01   4.3067220e-02  -1.0790968e-02   5.7876574e-02   2.4730588e-01  -3.4689881e-01  -2.0336907e-01  -2.1133492e-01  -3.2260333e-01   8.8614974e-02
   1.7487067e-01  -1.6206397e-01  -5.0774181e-02  -2.4059920e-01   1.2312515e-01  -2.7231869e-01  -1.0098952e-01   2.4695822e-01  -4.5380610e-02  -3.1075260e-01  -2.2334218e-01  -2.3297839e-01   2.5360360e-01  -6.8378970e-01   1.4596240e-01   5.0346914e-01  -1.0484440e-02   6.2941592e-02   2.7981683e-01   1.0246782e-02  -3.5327836e-01  -1.9208462e-01  -2.9606178e-01   5.9455480e-01   3.3691713e-01  -2.9797526e-01  -1.2953594e-01  -1.9014343e-01  -4.1086186e-02  -1.1329838e-02  -5.0360720e-01   2.9923524e-01   3.8407616e-01  -1.1279614e-02   1.5303326e-01   1.5477861e-01
  -1.3359294e-02   1.8666188e-02  -3.2209837e-02   5.5877093e-03  -2.2683148e-02  -3.1084838e-02   2.6969988e-03   3.2917299e-02  -3.3128102e-02  -4.3162379e-02   3.1011800e-02   2.8392301e-02  -1.2316007e-02  -8.2764256e-02   1.1892142e-01   3.7722555e-02  -2.3250466e-02  -2.4687953e-02   2.9909715e-02  -2.2470863e-02  -8.3839903e-02  -7.7566924e-02   6.5460535e-02   7.0805774e-03   6.4513111e-02   8.7999872e-03  -7.5887993e-04   1.4200694e-02  -5.3943391e-02  -1.9538530e-03  -6.1493410e-02   1.9085976e-02   4.1596068e-02  -1.0948806e-02  -2.4813690e-02  -2.2149758e-02
   3.5518751e-01  -3.1288062e-01  -4.0985873e-01  -1.9297674e-01   1.1360741e-01   2.4990464e-01   1.9223356e-01   1.9179668e-01  -2.3900264e-01  -1.4646436e-02   5.8731932e-02   4.4265521e-02   8.0410444e-02  -3.0222267e-01   2.8482180e-02  -1.5246568e-01  -3.5837330e-01  -1.0168229e-02  -1.2144287e-01   3.6259209e-02   3.7445345e-01  -1.0756146e-01   1.2302404e-01   1.0739475e-01   1.9769492e-01   1.6360121e-02  -1.0288601e-02   1.9408607e-01  -4.9637897e-02  -2.5813800e-01   1.7512051e-01  -4.1842962e-02  -2.7122170e-01  -9.7319848e-02   3.7518609e-02   8.2641768e-02
   6.9961755e-03  -3.7821068e-02  -2.9616573e-02  -7.0757819e-02  -3.8393477e-02   1.1006671e-01  -5.0472833e-02   6.4137289e-02   1.7336888e-02  -1.9448798e-02  -1.9653928e-02   2.0166342e-02  -8.5074556e-02  -9.8951264e-02   8.7037945e-03  -1.2047714e-02   8.1096134e-03   2.5205287e-02   2.0856769e-02   5.8568404e-02  -5.7062510e-02   3.3802932e-02   6.1069772e-02   1.0164954e-01   5.8628865e-03  -4.2499634e-02  -2.5918808e-02  -3.6695889e-02  -3.2323174e-02   6.9662839e-02  -1.0777012e-01   4.2291679e-02   9.0119139e-02  -5.2756974e-02   6.3788282e-03   3.3282710e-02
   2.6820284e-01  -1.9967065e-01  -2.1935271e-01   6.2426818e-02  -1.4003999e-01  -1.8826016e-01   2.4888476e-02  -1.5721928e-01   3.0988346e-02   2.7060391e-02   6.7404196e-02   1.6255620e-01  -8.8075191e-02   2.2109707e-01   2.7407113e-01   2.3364206e-01  -5.1841293e-01  -9.7444258e-02  -4.1087986e-01   8.5496922e-02  -1.8652677e-01   3.0082096e-01  -2.7978265e-03  -3.4248438e-01   1.4935954e-01   2.5527913e-01   2.8673396e-01  -3.3794373e-01   3.0209918e-01  -9.6582002e-02  -1.6663300e-01   2.2087114e-01   1.1159515e-01  -1.6586832e-01  -1.3407055e-01   3.1590231e-02
   5.5501997e-02  -4.6661494e-02  -4.5666227e-02   1.4000042e-02   2.2377076e-02  -5.7189669e-02  -1.7105490e-03  -2.0604977e-02  -8.2693475e-03  -8.7486590e-02   3.7599249e-02   4.9374907e-02  -1.5005814e-02  -5.8482462e-02   7.4612711e-02   5.6185812e-02   1.6634043e-03  -8.4059084e-02  -5.5721762e-02  -7.7135899e-02  -1.3554326e-02  -1.0360584e-01  -2.1951108e-02   4.9433534e-03   7.0948647e-02  -1.0342401e-02   2.9489553e-03  -1.0267225e-02  -5.9525747e-02  -6.3906061e-03  -5.3795247e-02   9.1734369e-03  -1.8734413e-02  -6.8238396e-02  -1.0829625e-02   1.4597984e-02
   2.2172295e-02   2.4603216e-02  -5.6137188e-02  -4.4535525e-02   2.1731176e-02   2.5890895e-02   3.5198179e-02   1.5733970e-02  -7.6713453e-02   5.4893272e-03   3.0554641e-02  -3.7273159e-02  -8.6238149e-03   2.5701266e-02   1.4206777e-01   5.5199945e-03  -5.7596672e-02   4.6592361e-02   1.0053999e-01  -2.9920949e-02  -5.2089137e-02   1.7664078e-02   4.8640343e-02  -2.8681761e-02   7.1756582e-02   1.2803522e-02  -1.1184334e-02   2.2853530e-02  -5.2278202e-02  -3.4316746e-02  -3.2001479e-02  -9.0871567e-03   2.3951254e-02  -2.6629573e-02  -4.2398614e-02   1.9628600e-02
   1.3330762e-01   2.8281637e-01   5.0372042e-02  -4.3175360e-02   3.8680212e-01   4.7008133e-01   1.3416735e-01  -1.4653316e-01   1.5610145e-02   5.2379347e-01   1.8228176e-01   1.3743284e-01  -2.1848889e-01  -4.6599012e-02  -7.4063953e-01  -4.4091909e-01   9.0796349e-02   2.1131240e-01  -2.2750819e-01   2.8771105e-02  -2.5746131e-01   2.4777372e-01  -6.6242635e-02   2.9843952e-01  -1.4457825e-01   1.9301346e-01   1.3295291e-01   4.0218990e-01  -2.3954669e-01  -4.0636417e-02  -2.3990388e-02  -2.7738457e-02  -5.2538763e-01  -5.5134450e-02  -7.8383189e-02  -1.7490713e-01
   2.3318901e-02  -4.6130700e-02   6.0129075e-02   7.3244927e-03   4.5361242e-02   6.0176476e-03   8.4633515e-03  -1.9681683e-02   6.3546272e-02   5.4322042e-02  -2.5232782e-02  -1.1993018e-02   1.5899959e-02   1.2622210e-01  -1.3767708e-01  -6.2771951e-02   4.1688577e-02   3.9920910e-02  -5.1214753e-02   3.7767132e-02   1.3865605e-01   8.5253734e-02  -8.9387088e-02  -1.3317166e-02  -9.0856576e-02  -3.5201650e-02   3.3642651e-03  -5.2161078e-02   1.1942056e-01  -1.9173676e-02   9.1760618e-02  -2.0795325e-02  -6.0650420e-02   9.5087944e-03  -2.4038595e-03   3.3379878e-02
  -3.8270975e-02  -6.4215895e-02  -9.6701253e-03   4.1499636e-02   3.6727051e-02   2.9075070e-04  -3.3379562e-03  -1.0579951e-01  -2.2771828e-02   2.6359687e-02   1.2401580e-01  -7.0208330e-02  -7.9776134e-02  -2.4033146e-02  -2.7992933e-02  -1.5845914e-01  -6.0774639e-02  -6.6753691e-03   2.4375278e-02  -5.0486305e-02   1.6736500e-01  -9.9941842e-03   7.3556614e-02  -1.6958118e-02  -1.1841091e-01   1.2770634e-01  -2.1587184e-02   7.6717411e-02  -3.5284430e-02  -2.4547067e-03  -2.8963290e-02   5.9813694e-02  -4.8402792e-02  -6.3402506e-02  -9.0397893e-02  -3.5016478e-03
  -2.9674420e-02   2.4696479e-02  -1.0037263e-02   6.2255068e-03   4.6798513e-02  -7.0186741e-02   6.8537316e-03   4.1331458e-02  -2.5917880e-02  -5.1976444e-02   3.1808716e-02   1.6646845e-02  -1.2781649e-02  -6.8920624e-02   8.8489855e-02   4.8999737e-02   1.0205045e-02  -6.6969243e-02   5.2227736e-02  -1.2452779e-02  -5.0668231e-02  -1.0011113e-01   1.0254908e-01   4.6853794e-02   5.8627485e-02  -5.8517866e-03   8.9005166e-03   2.9027210e-03  -2.7753239e-02   6.2317757e-03  -5.6351886e-02   2.7511778e-02   5.0321014e-03  -2.4300364e-02  -7.4713171e-03  -1.6190042e-02
   3.4029001e-01  -1.8958354e-01  -4.2884647e-01  -1.8784451e-01  -1.1479258e-01   6.2083412e-02   1.2248074e-01   3.4065980e-01  -4.4213654e-01   2.9131808e-01  -3.0810299e-02  -5.7200178e-02  -8.0456377e-02   3.9487596e-01   2.5961065e-01   1.8834082e-01  -3.3520982e-01   8.3231887e-02   1.2732086e-01  -9.9304415e-02  -7.6496794e-02   1.1063187e-01   1.9439167e-01   1.0843768e-01   5.3268103e-02  -7.0689003e-02   1.0429539e-01  -2.0767827e-01  -6.1792771e-02  -9.1785511e-02  -2.9436551e-02  -5.0001896e-02  -5.7980865e-02  -1.9289672e-02  -4.1277473e-02   1.3557523e-01
