  -8.3402626e-02  -8.3999656e-02  -2.0350708e-02   1.8103398e-01  -7.1438453e-03   6.5222782e-02   4.7779192e-02  -1.2881854e-01   9.0095414e-02   3.9724396e-03  -3.1304185e-03   4.6697304e-02   4.8024091e-02  -8.2663006e-03  -6.5977560e-03  -4.6714934e-02  -4.0351973e-02  -9.4946054e-03  -5.7372249e-02   8.7900620e-02  -9.1121149e-02   7.3328222e-02
  -1.3628625e-02   1.5944115e-01  -7.2306159e-02  -1.2485497e-01   8.1969259e-02  -6.7923689e-02   1.0834343e-01  -1.8608828e-01  -9.7074399e-02  -4.8165968e-02   8.5261885e-03  -2.8344259e-01  -2.5293894e-02   8.4105618e-02   1.9117653e-01   2.1339732e-02   1.7431559e-02  -4.0420565e-02  -2.9000541e-04   1.2135029e-01  -1.0548213e-01  -5.2275310e-02
  -5.1421848e-02   1.0866400e-01   4.7985228e-02   1.0225443e-01  -8.9869562e-02  -3.8307323e-02   1.1066000e-01  -6.7398106e-02   1.7179468e-01  -8.6515197e-03  -5.9248865e-02   1.0444046e-01   6.7495910e-02   1.2057405e-01   1.1699681e-02  -9.4477060e-03   7.8437107e-02   5.1308834e-02   1.1117417e-02   2.2830719e-02   6.4280825e-02   1.3488191e-03
  -4.5483351e-02   2.5221175e-01   3.0285218e-02  -1.8290535e-01  -8.5512388e-02  -2.4034078e-01   5.4698787e-01  -6.1262509e-01   2.8076119e-01  -1.0251710e-01   8.1291509e-02   2.1407758e-02   1.0580796e-01   4.9993409e-03   8.6543431e-02  -1.2204862e-01   3.4758878e-01  -7.4987983e-02   2.5729432e-01   3.4041411e-02  -1.7141983e-01  -2.4837700e-01
   2.5441601e-01  -2.1964901e-01  -1.5605743e-01  -2.3753863e-01   1.7940392e-01  -5.4225650e-01  -2.3236370e-02  -1.1746239e-01  -3.8077353e-01  -5.1967489e-02   1.2571959e-01  -3.3370136e-01  -1.6353667e-01  -1.2039096e-01   2.7670911e-01   3.6536889e-01  -1.0680415e-01   3.1284859e-01   1.4059198e-03   9.7508954e-02   2.8219158e-01  -2.0937340e-01
   3.0167146e-01  -7.0782190e-01   3.1682945e-02  -8.3396070e-02   1.8312673e-01  -1.1344723e-01  -3.9843259e-01  -2.7390332e-01  -6.2896615e-01   3.0297734e-01   4.6800460e-01   1.7916411e-02  -6.0739613e-01  -5.2206926e-01   1.9762043e-01   8.6031485e-02  -3.4865471e-01   4.1444413e-01  -5.4152692e-02  -3.5961791e-02   2.8768384e-01   3.8068942e-01
  -5.4812140e-02  -9.0601901e-02  -3.3962120e-03   5.6736677e-02   1.2079061e-01   3.2199662e-02   7.8054491e-02   2.6416075e-02  -2.1994144e-02  -5.7730334e-02  -4.9731553e-02   8.9064300e-03  -7.7062949e-02  -6.6594904e-02   7.9851701e-02  -9.4079256e-03  -2.2651656e-02   6.5172884e-02   5.6915060e-03   3.3618318e-02  -3.9952416e-02   2.0604461e-02
  -3.1775015e-02   3.2603834e-02   8.4990560e-02   1.0923632e-01  -4.1221515e-02   1.7020521e-02  -7.1411625e-03   2.8198932e-03   6.9829047e-02  -9.6087788e-03  -6.6634610e-02   1.3923589e-01  -2.8054032e-02   4.4371122e-02  -5.9387388e-02   1.1235642e-03   2.8271983e-02   6.4614954e-02  -3.1223819e-02  -1.9701066e-02  -5.7383984e-03   2.7547604e-02
   2.0873046e-01  -1.8685669e-01  -4.0705816e-01   8.8501113e-02  -3.4014370e-02  -3.8615161e-01   2.5790091e-01   2.8829823e-01  -8.7991007e-02  -1.3568755e-01  -1.9870291e-01  -2.9561662e-01   3.9320809e-02   1.1460269e-03   8.3985511e-02   1.3740530e-01   2.5860634e-01   7.5116983e-03   2.8399797e-01   7.7508661e-02  -1.9408376e-01  -1.0386480e-01
  -4.7418261e-03   2.4631236e-03  -5.6765078e-02  -5.0379017e-02   9.3061985e-03  -1.1307554e-02   2.5324989e-02  -9.3680000e-03  -1.3843623e-02   3.2678697e-02   4.0489158e-02  -7.3738834e-02   6.6347640e-02  -1.3425262e-02   3.0756024e-02   9.6505004e-03  -2.7851132e-02  -7.2065522e-02   1.8355810e-02   1.9397662e-03   2.4791387e-02  -3.6426692e-02
  -5.9048859e-02   1.0490852e-01   2.2347530e-02  -1.4319685e-01   5.9664908e-02  -3.3557707e-02  -1.6919649e-02  -9.2550208e-03  -1.5300065e-01  -2.5166635e-02   6.7985716e-02   8.6785176e-02  -7.4820758e-02  -7.3494066e-02  -2.7802792e-01   3.2325281e-02  -7.9059745e-02   2.9117962e-02  -2.3872549e-01   1.5260835e-02  -1.8048035e-01  -3.9019490e-02
   3.4746075e-01  -5.0543266e-01   4.2085923e-01  -6.7310805e-01  -3.8601823e-01  -3.7087854e-01   6.9919137e-01  -3.6465081e-01  -2.5692080e-01  -2.9853632e-01   5.1291045e-01   4.5310239e-01  -6.5320934e-01   1.8762607e-01   2.5405823e-01   6.3651077e-02   7.8157470e-01   8.1475383e-02   2.5270642e-01  -3.8005892e-01   4.0521223e-01   4.9401312e-01
  -3.9989417e-01   2.3684716e-01  -2.2653161e-02   7.9144507e-01  -2.1573611e-01   9.2960239e-01  -2.6932779e-01  -3.8836318e-02   3.4441227e-01   2.8493838e-01   2.1720315e-01   4.8574904e-01   1.0453016e-01   2.7822998e-01  -3.4441794e-01  -3.6459096e-01  -3.6472824e-01  -3.2135400e-01  -2.8230490e-01  -1.5943978e-01   1.1937765e-02  -1.6823195e-01
   7.9531937e-01   1.0235892e-01  -5.6538730e-01   8.2519915e-01  -5.5392237e-01   1.7518943e-01   7.3969299e-02  -8.0461463e-01   1.4130009e-01   1.7806597e-01   1.0292738e+00   5.4160093e-01   9.1106313e-02   3.3375151e-01  -5.2458008e-01  -1.6146916e-01   6.4757297e-02   2.4757018e-01  -6.3003034e-01   8.7929166e-02  -3.8857967e-01  -1.0167349e-01
   9.4706196e-02  -7.1510025e-02  -3.9756814e-02  -1.9105490e-01   6.3911175e-02   2.3736049e-02  -8.2770646e-02   3.0723411e-02  -1.8976296e-01  -2.0635555e-03   7.3686270e-02  -1.1038910e-01  -8.9904753e-02  -1.2543200e-01  -4.1147904e-02   2.0954115e-02  -4.3310774e-02  -4.6822958e-02  -2.3680892e-02  -6.4368395e-02   1.0477247e-02  -1.3490174e-02
  -2.8791966e-01  -6.0665662e-01   1.4667671e-01  -5.5990786e-01   4.3559523e-01   2.7673628e-01   9.0372737e-02  -1.5812346e-01   2.9297363e-02  -3.7944538e-02   2.9374533e-01  -4.6248401e-01   2.5595125e-01  -1.9505640e-01   6.9032747e-01  -3.4212173e-02  -4.4105706e-01  -4.3391527e-01   3.0242216e-01  -6.5593010e-02   4.0285187e-01   1.0636148e-01
   1.2061933e-01   1.3035233e-01   1.3949568e-01  -1.1045949e-01  -1.4707353e-01   4.8861102e-02   8.3356834e-02  -1.9718819e-01   1.0359875e-01  -2.6951934e-02  -1.2594222e-01  -3.6141883e-02   1.6195873e-01  -1.1417217e-03   7.2287013e-02  -1.2138005e-01   1.2127203e-01  -8.5488046e-02   1.4047067e-02  -1.0846691e-01  -4.3005311e-02  -6.7078203e-02
   1.0545817e-01   2.6201718e-02   1.6826130e-02   1.7658725e-01  -1.3790807e-01   9.1912273e-02   4.2138989e-03   5.5523039e-02  -6.5426146e-03   1.7735027e-02  -5.2665227e-03   9.9700893e-02  -1.1317951e-01  -8.1705284e-02  -1.2157892e-01  -8.7243593e-02  -5.3684211e-02  -4.4442859e-02  -1.0369108e-01   7.5136309e-03  -1.6610193e-01   1.0969917e-01
   2.6797807e-01  -9.5704512e-02   2.6167941e-01  -4.5536812e-01   1.7762894e-01  -1.5566262e-01  -3.0395190e-01   3.9264231e-01  -2.1999939e-01  -9.8174043e-02  -3.0308787e-01   1.6973606e-02   5.5714938e-03  -1.7875343e-01  -1.2654781e-01   3.6404579e-01  -1.4769613e-01  -4.9710890e-03   1.3100993e-01  -3.2177313e-01   2.0774503e-01  -1.2424789e-01
  -1.5949845e-01  -4.5367308e-01   3.1624212e-01  -1.2802299e-01  -4.1298595e-02   1.7337202e-01  -3.2088248e-02  -1.2898221e-01   2.0318871e-01   6.8303387e-02  -2.4423997e-01   9.8871215e-02   3.0678538e-02  -1.9536197e-01   8.7890339e-02  -3.0458659e-01   1.4978221e-01  -5.2679078e-01   1.3398639e-01  -2.0117609e-01  -2.8172837e-01   2.1731567e-01
   7.3397560e-02   1.1506101e-01   5.0019325e-02  -2.4292151e-02  -1.0145550e-01   4.8272816e-02   4.5191600e-02   1.5105691e-02  -7.1576395e-03   2.1313935e-02   2.0379313e-02   1.3314786e-02   7.2630070e-02   5.7984127e-02   1.2685844e-02  -2.9904238e-02  -8.7738302e-03   1.1608421e-02  -1.0729276e-01  -6.0384447e-03  -1.2397573e-01   1.1943365e-01
   1.5179645e-02   6.9316011e-02   2.3780258e-02   4.7421164e-02  -2.7033701e-02  -3.0257440e-02  -5.6408040e-02  -1.7285031e-01  -4.8002274e-02  -4.6157821e-02   5.2187880e-03   6.9075337e-02  -6.9716357e-02   1.3025764e-02  -9.8212402e-02   3.9090517e-02  -4.2082660e-02   1.5928316e-01  -9.0889146e-02   2.2007830e-02   6.4547582e-02  -3.5902928e-02
