   1.3572502e-02   1.4908836e-01   7.0094828e-02  -1.6878652e-01  -4.8731866e-02  -7.5531316e-02  -3.7504299e-02   6.7446073e-02  -2.4374291e-01
  -9.2017208e-02   1.5040360e-02   2.7578135e-02   4.2369467e-02   1.1520594e-02  -1.0731977e-01  -6.8100297e-02  -3.7648357e-02  -1.7476605e-01
   8.2150602e-02  -1.2552592e-01  -1.8154109e-01  -6.4808088e-02   1.6142976e-01  -2.0637450e-01   2.0272805e-02   7.3192918e-02   1.3502206e-01
   1.5455883e-01  -1.5330267e-01   1.5079597e-01  -2.7451112e-02   1.2717789e-01   1.4484618e-02  -8.8696019e-02   5.4144324e-02   3.8376039e-01
  -3.5259906e-01  -4.1163822e-02  -1.3806265e-01   3.4261523e-02   2.3585004e-01   1.8357721e-01  -1.6623912e-01  -2.9224700e-01   5.2077619e-02
   1.2077020e-01   9.7626031e-02   4.7693999e-02  -6.5254840e-02  -3.5061824e-02  -1.4343645e-01   9.6005884e-03  -7.8202009e-03  -2.0458145e-01
  -8.3966869e-02  -3.5246463e-05   1.0422343e-01  -1.6077364e-01  -8.4448912e-02   1.0136021e-01  -5.0397314e-02  -3.4727220e-03   5.9293800e-02
   1.4019620e-01   6.6323823e-02  -1.6478568e-01  -9.8591029e-02  -7.1384871e-02   2.0830959e-01   1.4242588e-02   1.1407614e-01   4.3798836e-01
  -6.9250909e-03   2.0460073e-02   3.1788910e-04  -8.7366833e-02   3.4180606e-02   8.6577473e-02  -6.4901041e-02   3.3037509e-02  -9.3655317e-02
   6.4187448e-02   2.6478301e-02   2.5376595e-02   2.4332575e-02  -6.4713046e-02  -6.4440831e-02  -7.8064407e-02  -4.5582608e-02  -1.1820071e-01
   1.4391308e-01   5.7498320e-02   3.6980460e-02  -1.5371233e-01  -1.6651425e-02   1.5340133e-01  -2.4914472e-02   1.0501614e-01   1.2542756e-01
  -2.1116444e-03   2.4561938e-01   1.2610430e-01   8.0764598e-02  -1.1137700e-01   7.3105546e-02  -8.4561578e-02   6.9338043e-02   1.7136823e-02
  -5.3195820e-02  -1.3313747e-02  -1.1196599e-02  -6.6300924e-02  -3.1285981e-02  -1.6682256e-01  -1.2750503e-01  -4.3280670e-02  -2.2382810e-01
  -4.0479463e-02   5.7251225e-05   8.3794028e-02   2.9533002e-02   5.5598502e-02  -3.2070000e-02   1.8485698e-02   1.4663869e-02   5.0621172e-02
   4.1712574e-01  -2.8755149e-01  -1.9967157e-01  -1.2195466e-01  -9.9718989e-02   6.9965783e-01  -2.1075148e-02   8.8366066e-01   1.4176386e-01
   9.3063100e-02  -1.1843647e-01  -8.8518559e-03   3.5522439e-02   1.9099882e-03   8.7032565e-02  -1.0504659e-01   2.8300189e-02  -2.3008208e-02
  -9.5200240e-02   1.5228190e-01  -1.4013480e-01  -1.8082435e-02   2.0929663e-02  -8.3258936e-01   3.9251925e-01  -3.3496969e-01  -8.3111563e-01
  -7.7767689e-02  -5.0113300e-01   3.7040877e-01  -2.2970599e-01  -1.7769358e-01  -3.0745180e-01  -8.8632171e-02  -2.0508407e-01   4.9857957e-03
   7.8469726e-01  -7.9078706e-01   2.3430393e-01   1.9958267e-01  -3.2899660e-02  -7.9846032e-01  -2.4902769e-01  -6.0784153e-01   6.3693392e-01
  -1.2971621e-01   1.3136000e-01   2.8405141e-01  -2.0104631e-01  -2.3279663e-01  -4.2637578e-03   7.8018101e-02   6.0067008e-03  -1.3481629e-01
   5.1168571e-01   2.8521501e-01  -2.6521987e-01   3.2887308e-01   3.3043481e-01   3.6772724e-01   8.4248891e-02   2.8624834e-02  -4.7577778e-02
   4.4327939e-02   1.4561964e-01   1.0380382e-01   3.4307581e-02  -2.5802328e-02   9.1705756e-02   8.0104322e-02   2.3393870e-02   4.8932357e-02
  -9.3796403e-02   2.0066599e-01   5.5589111e-02  -1.4686702e-01  -6.8587746e-02   1.1272882e-01  -1.0801524e-01   1.5310507e-02  -2.0945434e-01
  -4.8624014e-03   6.2138223e-02   1.2120958e-02  -6.4798517e-02  -7.5494821e-02   8.5855809e-02   9.9270381e-02  -4.5873321e-02  -5.9901080e-03
   7.4592888e-03   1.4199512e-01   3.2226493e-02  -7.6846556e-02  -3.1566640e-02  -3.2333427e-03   2.1967398e-02   3.5854229e-02  -5.6339851e-02
  -2.7882091e-01  -2.9896931e-01  -1.8261419e-01   8.0826174e-02  -1.2607878e-01   1.9510002e-01  -2.4494106e-01   2.3106142e-01   3.2536913e-01
   7.8526026e-02   1.0682906e-01  -7.6345156e-03   5.6823070e-02  -1.1124195e-03   9.0307407e-02   1.5308908e-02   6.4348700e-02  -4.3802328e-02
  -1.5039652e-01   5.0050957e-02   2.5094840e-02   1.4444747e-01  -1.0530601e-02  -1.4659830e-01   9.4821480e-02   1.0377302e-01   6.7303408e-02
   1.5751555e-02  -1.9888173e-01  -7.0073721e-02  -9.5921202e-02   3.9903679e-02  -1.1045404e-01   4.8186659e-02  -1.5012996e-01  -3.5652085e-02
  -2.5396033e-02  -1.5776447e-01   1.3960076e-01  -3.1188210e-01  -6.9662357e-02  -2.8244917e-01  -2.7629722e-02   1.1692259e-01  -7.7273605e-02
   3.8931033e-02   2.3397235e-02   2.2931459e-02   4.1103071e-03  -8.0234409e-02   8.4712395e-02  -7.7434146e-02   6.7108598e-03  -6.0175066e-02
   3.1491994e-02   1.0511106e-01   9.9583180e-02  -9.8546193e-03   2.0616006e-02  -2.0978345e-02   6.1796972e-02  -5.5517269e-02  -5.6773079e-02
  -2.1292382e-01  -5.9414285e-02  -3.7462233e-01  -5.5575093e-02  -2.0930224e-01   8.8551797e-01   2.7488251e-01  -3.6121843e-01   2.3237434e-01
  -1.6795666e-02   1.0365599e+00   4.5706187e-01   1.7774569e-01  -2.3405644e-01   4.0793822e-02   2.1935585e-01   5.5332819e-01  -4.6772329e-02
  -3.0185197e-01   2.7482378e-01  -4.3503931e-01  -2.5143800e-01   2.1169567e-01   5.0681340e-01   6.6112299e-01  -4.1130776e-01   8.2672393e-02
   8.2224037e-02  -1.1549751e-01  -1.8946560e-01  -8.5917724e-02   9.1043270e-02   3.3997369e-02   2.7046142e-02   1.1321104e-02   9.4294172e-02
  -8.4109275e-02   9.5140289e-03   2.3550414e-02   5.3778233e-02  -5.4856931e-03   9.4370884e-02  -2.6216358e-02   6.7310430e-03   7.0669617e-02
   8.3239091e-02  -2.6071972e-02  -3.3008049e-02  -3.7604637e-02  -3.5866024e-02   1.2986805e-01  -6.6131509e-02   4.0735740e-02  -2.0857058e-02
  -4.3629292e-01  -1.1766304e-01   2.8698033e-01   1.4064896e-01   1.1883615e-01  -1.4890862e-01  -1.8045725e-01  -1.0702042e-01  -3.8359791e-01
   1.1303517e-01   9.3566704e-02  -1.5873938e-02  -4.6904026e-02  -2.0882671e-02  -1.5000637e-01   5.1871768e-02  -3.6896209e-02  -4.8723629e-02
   1.5768809e-01  -2.0824255e-02  -5.4424990e-02   7.3685920e-02  -2.0702806e-01   1.8142718e-01  -1.7324877e-01   5.6457275e-02  -6.9566608e-02
   1.8824591e-01  -1.8692763e-02  -2.1152532e-01  -7.7910201e-02  -5.3481186e-02   2.5587564e-01  -1.1115125e-01   5.9424308e-02  -7.2437665e-02
  -8.4366103e-02  -1.3681064e-01  -3.7300737e-02  -1.1754210e-01   1.0358181e-01   2.3821494e-01  -1.5810768e-01   4.9426744e-01   1.8483821e+00
  -4.7055933e-01   6.8385577e-02   5.8542401e-01   6.8409507e-01   8.4996416e-01  -3.3596637e-01   5.0205351e-01  -4.7702650e-02   1.6075512e-01
  -5.4371435e-03   6.4069016e-02   3.4432602e-02  -3.9809701e-02   9.5795556e-02   1.0714868e-01   1.2794453e-01  -1.0705994e-01   5.7131707e-02
  -1.9440377e-02   8.4126040e-02   1.6199821e-01   3.4898380e-02  -1.7853467e-02  -6.7027896e-02  -5.5411585e-04  -6.8840989e-02  -1.9426430e-01
  -9.5335414e-02  -2.0972695e-01   8.7748038e-02  -1.0482786e-01  -4.7898505e-02  -1.5089133e-01  -1.0289294e-01  -4.0953275e-02  -1.2058951e-01
  -8.1118011e-02   1.0216693e-01   6.3967195e-02   4.4814368e-02  -6.9431225e-02   7.4437871e-03  -4.7330373e-02   2.1950158e-02  -6.5415035e-02
  -9.0044975e-02   2.4323468e-01   1.2285018e-01   3.1078019e-02  -9.8748061e-02  -3.2306153e-02   1.9134061e-02  -8.9356619e-02  -4.4343332e-02
  -2.4993967e-01   4.2030961e-01   1.7284973e-01   2.5713974e-01  -3.7962555e-01  -3.0701496e-01   1.2022878e-01  -1.3999864e-01   1.1157400e-01
