  -5.0920020e-01
  -1.9992924e-01
  -1.0610025e-01
   4.5522403e-01
  -3.3004205e-01
   5.0976272e-01
   1.2913136e-01
  -1.1082392e-01
  -8.5237603e-01
   7.2705372e-01
   7.8254063e-01
  -2.5214135e-02
  -2.3039269e-01
   1.2670026e-01
   2.9445204e-01
   1.2120715e-01
  -1.0574788e-01
  -3.7114190e-01
   3.3036230e-02
   1.3374820e-01
   2.2033969e-01
   1.3136684e+00
  -2.3938977e-01
   9.1288173e-02
   6.3837693e-02
   4.5947386e-01
  -2.7912763e-01
  -4.8496617e-01
  -1.1966360e-01
   1.4737476e-01
  -3.1974197e-02
  -5.7275364e-02
   1.8368685e-01
  -1.6952776e-01
   8.4925846e-01
   4.2624191e-01
