  -1.0800333e-01   2.0905623e-01  -1.3655993e-02   3.0655890e-01  -2.7599744e-01   1.8246643e-01  -4.9555708e-01  -5.1214689e-02  -4.7566520e-01
  -1.7537505e-01   3.4049493e-01   3.2921895e-01   5.3802371e-01   3.4226664e-01   2.1511098e-01  -2.6875610e-01  -1.0304143e-02  -3.6588129e-01
   1.1640495e-01   6.0439698e-01   8.1442274e-01   6.1234059e-01   1.8794144e-01  -4.7529060e-01   5.9517031e-01  -1.8077198e-01   1.4060394e-01
   7.9717302e-01  -5.6089044e-01  -6.4673066e-01   1.0101727e+00  -9.0799502e-01   1.1631043e-01  -3.7708748e-01  -6.3261627e-01   3.6406425e-01
   2.7953517e-01  -1.6491244e-01   8.8937323e-02  -6.4839444e-01  -5.6643676e-01  -6.4597686e-01   1.8046749e-01  -3.8272534e-01   1.9794158e-01
   2.0419607e-01   8.6526714e-01  -1.4762012e-01  -8.8689180e-01   4.6155017e-02   1.5730021e-02  -5.3027603e-01  -1.0262131e+00   2.1664917e-01
   3.9826499e-01  -8.3145562e-01   1.6906303e+00  -1.5300650e+00  -3.7447135e-01  -1.0057424e+00   7.4332903e-02   8.4153665e-02   4.3247496e-02
  -6.3136816e-02   1.8188629e-02   8.7708975e-02   2.0466232e-03  -1.5348436e-01   1.9467866e-02   1.0614597e-01   1.1200877e-02   2.6186784e-02
  -4.5593996e-03   2.6427328e-01   7.0488280e-02   1.6635304e-01   2.3978881e-01   1.0201615e-01  -9.9377763e-02   5.7566768e-02  -6.8206518e-02
   1.5609787e-01   3.9898222e-02   2.1349145e-01  -5.4834704e-02  -1.2375327e-01   8.6558659e-02   8.1509668e-02   9.3694638e-02   7.4067363e-02
  -1.8298329e-01  -3.2461733e-02   2.1637126e-01  -6.6611685e-02   3.6771387e-01   1.7508822e-01  -7.9736171e-01   5.8684107e-02  -1.8622518e-01
   1.3094246e+00   5.8029289e-01   5.4696565e-02   6.5053290e-02  -1.0390420e+00  -1.1952563e-01  -5.5820743e-01  -6.4566562e-01  -5.6736790e-02
   1.1720031e-01   1.1038449e-01  -3.5302504e-01   1.1941231e-01  -1.0920814e-01  -8.3954409e-02   3.8072716e-01  -1.1756140e-01   3.4363164e-01
   2.4207652e-01  -4.8351624e-01  -3.2708726e-02   1.0679669e-01  -2.2586041e-01   4.5223965e-02   6.6941192e-01  -1.3096842e-02   2.2753180e-03
  -2.2411363e-01   1.1374627e+00   1.0034251e+00  -2.1995659e-01  -1.1447249e+00   2.4644424e-01  -1.3411372e-01  -4.4463287e-02   9.7719953e-02
  -2.8355842e-01  -2.9195194e-02  -4.0050884e-01  -1.9921335e-01   7.8920256e-02   6.8799469e-02   9.4978886e-03   9.9542453e-02   9.4405422e-02
   1.9089411e-01   7.4227907e-02  -1.9744457e-02  -1.9951136e-01   1.3898090e-05  -1.4154089e-02   1.8425951e-02  -7.9436051e-02   1.6102124e-02
   3.8679226e-01  -1.0202966e-01  -2.1278615e-01   4.1721290e-01  -3.2898912e-01  -7.7001824e-01   4.2438667e-02   2.1100626e-01  -2.3632344e-01
  -1.5880391e-01  -2.6951181e-01  -5.2450181e-02  -1.8508871e-01   1.8557011e-02  -9.6564254e-02   1.6907521e-01   5.3390920e-02   3.2942460e-02
  -4.3719994e-01  -3.7430466e-01   2.3008876e-01  -9.7929637e-02   1.1337860e-01   4.3338747e-01  -2.7123694e-01   8.0486047e-02  -5.0453728e-02
  -7.0065104e-02  -8.4548788e-02  -8.1221255e-02   2.4691483e-01  -4.4277836e-01   1.5036108e-01  -3.5808290e-01  -1.0166266e-01  -1.8882273e-01
  -5.5311295e-01  -6.8657806e-01   4.9206584e-01  -2.2763136e-03   1.0925019e-01   7.1402312e-02   4.6483056e-01   9.6031573e-02   3.6414816e-02
   3.7604665e-01   1.0537513e-01  -1.4253991e-01  -3.4888999e-01   2.1278288e-01  -1.3154642e-01   1.6506402e-01   8.3273430e-02  -1.5313815e-01
  -2.6829177e-01   1.1745010e-01  -6.0613369e-01   2.9057534e-01   2.1239860e-01   1.9060115e-01  -1.2143768e-01  -1.7949875e-01   3.0928122e-01
  -4.5727891e-01   1.2131549e-01  -7.4246852e-01   8.7189945e-01   1.6549668e-01  -3.2404429e-01   4.9276216e-01   1.1923706e-01   2.2531455e-01
   1.0004643e+00  -2.7998508e-01  -3.1399374e-01  -2.6306083e-01  -5.0519994e-02  -4.4077362e-01   4.5213266e-02   2.7858198e-01  -4.2203929e-01
  -2.0417150e-02   1.4385795e-01  -2.9270586e-01   8.3344509e-02  -2.7377290e-01  -1.1274542e-01   3.4252361e-01   6.6043318e-03   1.6687481e-01
   3.6226792e-01   2.0931345e+00   9.0628455e-01  -7.7327012e-01  -7.9060729e-01  -1.2690598e-01   1.6143047e+00   5.6385852e-01  -1.3298228e-01
  -8.8344604e-02   3.7136768e-02   5.9932646e-02   3.6013453e-02  -7.0279377e-03  -1.5916424e-02   7.8603354e-02   2.8573645e-01   3.8292479e-01
  -2.8689131e-01   6.5024505e-01   9.0315535e-02   1.0346593e+00   1.0087677e+00  -4.2935237e-02   4.5125828e-02  -2.5260542e-01  -4.0141986e-02
   1.3750369e+00   1.6551661e+00   5.5026174e-02  -5.9442872e-02   2.2835989e-01  -2.3848724e-01  -1.3373576e+00   6.6062854e-02  -2.2855156e-01
  -1.4542682e-02  -7.8852459e-02   2.7493549e-02  -7.3463663e-02   5.9775403e-02  -3.1759165e-02   2.1853431e-01   8.2929999e-03   1.1862385e-01
   1.2648034e+00   1.1988289e+00  -2.3844195e-01  -5.1857812e-01   5.1816769e-02   1.3657531e+00  -1.7289918e-01  -2.8101180e-01  -9.6901367e-01
