   2.4819135e-01   1.3187371e-01  -1.0671784e-01   2.6764962e-01   1.9863219e-01  -3.7391688e-01  -3.1305075e-01  -4.5726986e-02  -8.0771764e-02
  -4.6179574e-01   4.2324076e-01  -6.7919278e-02  -2.3855814e-01  -1.5284290e-02   2.8263352e-01  -2.7242883e-01  -4.1607216e-02  -2.8319086e-01
  -6.2630482e-01  -3.2716394e-01   1.2318520e+00  -1.1792773e-01   4.4706262e-01   1.2245217e-01   5.6006180e-01   1.8152031e-01  -1.9731522e-01
   1.1281114e+00   1.9883608e-01  -3.1184833e-01  -5.9462854e-01  -4.5038288e-01   3.8649802e-01   7.7240428e-01  -1.1147106e+00  -3.4762280e-01
   3.0615890e-01   2.8676098e-01   1.2608515e+00   9.6414875e-01  -2.0431095e-01   2.6049238e-01  -4.4240423e-01  -2.2523127e-01   1.1164341e+00
   2.7457647e-01  -5.6087717e-02   4.0805512e-01   1.4158017e-01  -4.2440964e-01   2.3194129e-01  -1.6900399e-01  -4.0180342e-01   2.1346360e-01
  -1.8907243e-01  -1.1313360e+00  -4.0497317e-01  -5.2765386e-01  -8.3627313e-01  -9.0827855e-02   3.4691966e-01  -7.6120828e-01   4.7958976e-01
  -5.2148787e-01  -3.9288254e-01  -7.8773448e-01   1.5803475e-01  -4.7233842e-02  -9.5294365e-02  -2.4783005e-01   6.0803121e-02   3.0578875e-01
  -5.4546570e-01   3.2150632e-01   5.3445910e-01   6.8850756e-01   9.9287848e-01  -1.9595338e-01   1.0468734e+00   1.3357424e-01  -2.9782852e-01
   1.0853928e+00  -9.5169753e-01   5.7329655e-01  -2.6738819e-01  -1.6326551e+00  -2.5087710e-01  -7.0767336e-01   3.9846797e-01   4.3897667e-01
  -8.0890029e-02  -3.0987466e-01   1.4560404e-01  -2.9071431e-01  -4.1808317e-02  -6.7043499e-01  -2.8881708e-01  -8.4444877e-01  -1.0306924e-01
   3.0364248e-01   9.5348663e-01   9.4766523e-01   3.2221123e-01   7.7303518e-01  -2.9507660e-01  -2.7195129e-01   6.8474081e-01  -6.3153802e-01
   2.5311024e-01  -7.8952256e-01   5.4226900e-01  -8.1951327e-01   1.0881996e+00  -1.0586288e+00  -8.2634530e-01  -2.1397603e-01   1.3903498e-01
  -3.0299235e-01  -4.4658738e-01  -4.2360440e-01  -3.8576401e-01  -1.7195443e+00   4.0735968e-02  -3.1773177e-02   6.4590512e-01  -3.0223158e-01
   8.5815639e-02   7.4935417e-02  -3.9691149e-01   1.2215312e-01  -2.9397512e-01  -1.4271272e-01   6.4243772e-02   4.6214648e-01  -3.0332605e-01
   1.3230523e-01   2.3662820e-01   1.7746513e-01   2.1544187e-01  -3.4332315e-01  -7.7872055e-01   3.7770812e-01   1.6221548e-01  -1.3942814e-01
  -4.0893706e-01   7.4346462e-01   5.6108146e-01  -2.8964602e-01   1.9647552e-01  -4.7179437e-01   4.2922193e-02  -7.2791532e-01   5.0605713e-02
  -6.3875310e-01  -6.6320206e-02   2.8483090e-01   2.2143232e-03   8.0101861e-01   8.8901321e-01   1.3780031e-01   5.6551685e-01  -6.3825718e-01
   5.8413808e-01  -4.5020466e-01  -6.2237431e-02  -2.8229501e-01  -6.5103118e-01   2.4299183e-01  -6.9406011e-01   7.1684357e-02   1.6526642e-01
  -5.4543967e-01   2.7755436e-01   4.8907112e-01  -7.3500382e-01  -2.0394546e+00   4.8171328e-01  -1.3912636e-01  -1.5839964e-01  -8.4093719e-02
   5.1022053e-02  -5.5601643e-01  -2.1541105e+00   1.2415402e-01  -1.9896880e-01  -5.3825057e-01  -5.3674946e-01  -7.1724362e-01   3.7461538e-01
  -2.2943139e-01  -2.4865027e-01  -3.9389246e-01  -2.8054747e-01  -2.0626270e-01  -1.5335691e+00  -1.1051649e-01   1.4214862e-01  -6.4370603e-01
  -3.2705301e-01   4.1795967e-01   5.1655290e-03  -4.8307866e-01  -9.0286059e-02   4.2900390e-01   1.9148650e+00  -3.5893032e-01   1.7971440e-01
   1.7882213e-01  -1.9113348e-01   2.2679536e-01   7.8317691e-01   7.8491464e-01   2.4629088e-01  -1.5034095e+00   7.4677044e-01  -2.3739606e-01
  -2.7341026e-01  -4.9954317e-02  -6.3149559e-02   1.0343811e-01  -4.1791761e-01  -6.2591710e-02  -3.1327434e-01   6.0218502e-01  -2.7621018e-01
  -4.2920374e-01  -1.7566122e-01  -1.8031693e-02   5.9311020e-01  -1.0617561e+00  -1.3079176e-01  -7.0173799e-02  -6.9032042e-01  -3.3131259e-01
  -4.0566491e-03  -4.5315422e-01   4.9265302e-01  -2.4918680e-01   4.3108400e-01   4.3573187e-01   1.0103618e+00  -2.4640054e-01   2.5679792e-01
   8.7913202e-01   4.2045373e-01   2.5079337e-01  -6.6198577e-02  -5.8375856e-01  -6.5813740e-01  -6.5064429e-02  -5.0822016e-01   1.6979706e-01
   6.8849091e-01  -1.2479709e+00   4.4817880e-01  -6.4578696e-02   1.2393598e+00  -2.7898868e-01  -6.5155969e-01  -7.2836956e-01   2.2611616e-02
  -1.5722809e-01   3.6717860e-01   1.0058025e-01   1.7943050e-01  -4.0130433e-01  -4.9751752e-01   6.9677230e-01   1.5882240e-02   1.2165473e-01
   7.8709687e-01  -1.8251375e-01  -6.9405500e-02  -4.8417696e-01  -1.1659011e+00  -5.6006346e-01   1.3518974e-01  -1.2006367e-01   1.6271588e-01
  -9.4968490e-02  -6.4813745e-01  -2.3867922e-01   8.6795867e-01   8.0399947e-01  -1.4958287e-01   8.3339681e-01  -5.2835488e-01   7.5270769e-02
   3.8140566e-01  -2.8659542e-01   1.5235627e-01   4.0013265e-01  -1.0085915e-01   1.2199186e-01  -3.9201274e-01  -2.2241169e-01  -2.3659963e-01
  -1.3269911e+00   4.5995362e-01   3.9248375e-01  -2.1849820e-01   1.1821397e-01   9.7013202e-01   5.9513124e-01   9.1258739e-01   5.0113058e-01
   6.6807887e-01  -3.0336783e-01   3.0267623e-01   6.5397543e-02  -2.7363105e-01  -1.2326776e+00  -2.2299458e-02   7.7540955e-01   2.1563415e-01
   5.0100542e-01  -5.9274225e-01   3.7721089e-01  -5.9605179e-01  -3.3001822e-02   1.0360653e+00  -6.7216581e-01  -1.8755669e-01  -4.9395535e-01
