   1.6791824e-01   5.3046064e-02   1.6603514e-02   4.4507804e-01   1.5626171e-02   5.9615494e-02  -9.5467857e-02   2.8842375e-02   5.1829856e-02   2.3478301e-01  -3.2920951e-01   1.7058978e-01  -3.7048504e-02  -1.2288274e-01   3.4776332e-01   4.0649908e-01   3.6918792e-01  -2.2845467e-01  -1.0188357e-01   2.4484043e-01   1.1621597e-02  -1.1266592e-02  -1.3723230e-01  -1.6751136e-01   2.2313035e-01  -9.5870366e-02  -1.2941708e-01  -5.0826963e-01   3.0782992e-01   1.4170366e-01  -8.0506590e-02   1.8498336e-01   4.8782141e-01  -1.8140473e-02
  -1.0474454e-01   8.9385160e-02  -1.2602031e-01  -1.5650035e-01   2.0088326e-03  -8.2578484e-04   7.0681960e-02   8.7046201e-02  -2.7953591e-01  -9.3153626e-02  -1.4397452e-01  -1.7051263e-01  -9.8021863e-02  -1.6353791e-01  -1.1954596e-01  -6.2724472e-02   2.8735307e-01   2.3940745e-01   5.1968407e-02  -1.6348774e-02   1.8808958e-01   1.1657553e-01  -1.3276345e-01   2.3416691e-01   5.5767251e-02   1.6399748e-01  -6.9545327e-02   1.3077618e-01  -1.0816818e-01   3.3527318e-02  -1.8647706e-01  -7.0824019e-02  -2.6233752e-01  -1.1625448e-01
  -4.2527939e-01  -2.0910866e-01   1.7636110e-01  -1.9519869e-01  -4.0227930e-01  -3.9476735e-02  -2.6951269e-01  -4.1240985e-01   1.7116870e-01   6.9817798e-02   3.0819105e-01  -5.1327999e-02  -9.7888484e-03   1.4030524e-01   1.7706509e-01  -8.4590304e-01   1.6989334e-01  -3.5370362e-02  -3.9531459e-01  -1.3320775e-01   2.4939214e-01   4.6547553e-01   1.9439999e-01  -3.4571956e-01   1.1499154e-01   1.2778756e-01  -1.0566384e-01  -2.3924652e-01  -4.5179754e-01   1.9216031e-01  -5.9244622e-02  -8.4962633e-02  -5.1127365e-01  -4.4659753e-02
  -2.2933002e-01   1.6338622e-01   1.8312083e-02  -3.8960140e-01   4.6637983e-02  -3.1168735e-01  -1.0545736e-01  -3.0974244e-01   1.0640656e-01   2.9842545e-01  -4.3509262e-01   1.1832282e-01   1.7467994e-01  -1.1798323e-01  -7.1909863e-02  -2.0227014e-01  -1.2483713e-01   4.0383083e-02   1.9081416e-01  -3.6825078e-02   3.0879840e-01   1.0446035e-01   1.2459848e-01  -8.7142863e-02   7.0751116e-02  -2.7466387e-01   3.5601929e-02   3.7321460e-01  -5.0034308e-02  -1.2288311e-01  -1.5624922e-01  -3.5400367e-01   3.1443772e-01   1.7845917e-01
  -5.8598553e-02  -1.9146274e-01   4.1485929e-03   6.1573104e-02   2.2612897e-01   8.1168027e-03  -2.4182017e-03   9.2387916e-05  -7.9422843e-02  -6.4273855e-02   6.9892638e-02  -1.9970199e-01   2.6608966e-02  -7.9385608e-02  -7.1228644e-02   2.0999763e-01  -1.1885384e-01   9.0818994e-02  -2.9167765e-02   3.7401802e-02  -2.0073031e-01  -2.3246524e-01  -7.9419781e-02   5.8779276e-02   1.4369088e-02   7.2755979e-03   1.5436617e-02  -1.0851676e-01  -1.7358062e-01  -5.3921249e-03   5.8297783e-02  -2.2259462e-01   2.1636012e-02  -6.0762830e-02
   3.8123224e-01  -8.1700823e-02  -2.7232725e-02  -5.5274966e-01   1.1088758e-01   3.5623424e-01  -6.7031479e-02  -4.5383840e-01  -1.8879995e-01  -3.0805974e-01   1.4905266e-01   2.3113740e-01  -7.2791865e-01   3.2143218e-01   4.5338203e-01   1.2091437e-01   8.6522502e-01  -3.4952165e-02  -3.9330323e-01  -1.4292216e-01   4.0105306e-01   7.2369488e-02   2.2050179e-01  -4.0790236e-01  -1.5783109e-01  -4.1187219e-01   3.1606667e-01   1.8436665e-01   1.1732597e-01  -8.0288724e-02  -8.4583986e-02  -4.0012904e-01  -6.7138088e-02   1.6020709e-01
   1.2677067e-01   1.4375659e-01   4.8013336e-02  -2.3525924e-01  -2.0720323e-01   2.2209021e-01  -2.8279314e-01  -4.3370845e-02   6.6291718e-02  -4.1774165e-02   2.8169631e-01  -1.3984613e-01   3.1102871e-01   1.7305399e-01   1.4664668e-01  -4.5214605e-01  -2.8191294e-02  -3.9420446e-02  -2.1435203e-01  -3.3975165e-01  -2.4874376e-01   1.7684634e-02   4.9289135e-03  -4.7777601e-01   9.5457766e-02   2.2881780e-01  -5.6727295e-02   2.1406038e-01  -3.8898222e-01   2.3733961e-01  -6.4989769e-02   1.6163592e-02  -3.1917831e-01  -1.9074221e-03
   2.3089319e-02   1.0341004e-01  -6.4593316e-02  -8.3797759e-03   3.7665462e-02   1.5184371e-01   3.0082108e-02  -2.8419477e-01  -1.0659171e-02   1.8537305e-02  -1.8100286e-01   1.0382337e-01  -2.2450266e-01  -7.9834575e-02   2.5499057e-02  -2.2858017e-02   2.4438797e-01  -1.1354726e-01   1.0161712e-01  -2.0402369e-02   8.4906418e-02  -6.1091546e-02  -9.8115486e-02   4.9821959e-02   3.2279126e-02   1.1068603e-02  -6.3652257e-02  -1.7669586e-01   1.6331282e-01   9.4431484e-02  -9.5930740e-02   1.7526984e-01   4.1829018e-01  -7.4816526e-02
   6.0427573e-02   7.3185670e-02   1.0815544e-03  -1.0184841e-01   1.0313046e-01   1.5885199e-01   4.4571492e-02  -2.3589671e-01   1.4901538e-01  -9.6031380e-02   8.9259573e-02   9.6903368e-02  -2.7972995e-02   1.3398135e-01   2.1679674e-02   6.9508065e-02  -5.1142256e-02   1.1100796e-01   4.5076992e-02   2.9532714e-02   8.4529287e-02  -1.8120172e-01  -4.5176186e-02   3.5993924e-03  -8.8516078e-02   5.9861242e-02   1.5576885e-01   1.2051053e-01   2.5484095e-01  -6.5056172e-02   8.7730477e-02  -1.2577389e-02   6.0606568e-02   6.9030431e-02
   5.6398941e-03  -5.2864195e-02   2.3893068e-02   5.8568319e-02   5.2640749e-02  -3.5986198e-02  -5.3703001e-02   6.5155425e-03   2.4680074e-02   1.4126110e-02   1.0556829e-02   4.7231304e-02  -1.4425081e-02   2.6772554e-02   3.1250628e-02   1.2488618e-01  -7.5383748e-02  -2.2744148e-04  -3.0731546e-02   8.5810190e-02   3.9661242e-02  -9.0038646e-03  -1.6687307e-02  -2.9136673e-02   1.1050604e-02   2.4613300e-02   5.2201683e-02   1.0919633e-04   1.4367115e-02  -1.1726399e-02   4.2774023e-02  -5.5739685e-02  -2.1925386e-02   6.9132213e-02
  -3.8390624e-01   5.7205722e-02  -1.7484844e-01  -6.2380885e-02  -6.0628089e-02  -4.1298584e-01  -9.2062366e-02   2.9736945e-01   3.7735910e-01   1.1714953e-01  -2.8302197e-01   3.2372417e-01   1.2819852e-02  -2.0680498e-01  -2.2245437e-01  -4.5607443e-01   9.3383278e-02  -6.4920210e-02  -5.5009015e-01  -1.2345148e-01  -6.2357348e-02  -3.4194700e-02  -2.6091734e-01   7.6452224e-02   2.4893350e-01  -1.5013874e-01   1.1012007e-01   6.4624350e-01   1.4899551e-02  -5.3080763e-02  -1.1628359e-01  -9.5227746e-02  -7.5523559e-01  -5.0110733e-02
  -4.2017119e-01   1.2784505e-01   1.8534168e-01  -6.4619550e-02   2.1305291e-01  -8.3962984e-02  -3.2335518e-01  -2.5318552e-01   6.1340133e-01  -1.1105919e-02  -3.3618548e-01  -1.0651273e-02   1.5588316e-01   4.0482252e-02   8.2458208e-02   5.1832911e-01   5.6841168e-02   4.5712988e-01  -5.1861663e-01   2.8509308e-01   9.0819087e-02  -3.7774693e-02   3.3804106e-01   1.4561065e-01   1.1565642e-01  -1.8165525e-01   3.2705546e-01   3.0889417e-01   7.4461959e-02  -4.2418125e-01   2.0220569e-01  -1.3715130e-01   2.3503734e-01   1.7386335e-01
   1.5292672e-01   5.3411500e-01   3.8225585e-02  -4.1032468e-01  -2.1770659e-01   9.2255231e-02  -5.8200187e-02  -1.3279412e-01  -1.8003376e-01   8.3104647e-02  -2.9978567e-01  -5.5446302e-02   4.6589982e-01  -7.5709924e-02  -1.6302453e-01  -1.2621158e-01   3.0382723e-01   2.3047623e-01   2.7624115e-01  -4.2051947e-02  -1.6461609e-01   2.9182393e-01  -2.0330140e-01  -2.1804297e-01   8.3124510e-02   1.1745171e-01  -1.5307251e-01   2.0095211e-01  -2.3613367e-01   2.0779993e-01  -2.1143937e-01  -2.9666605e-01   6.1177338e-02   2.3972547e-02
   1.1695503e-01   3.8902206e-01   2.3605320e-01  -6.2519949e-02  -2.7911592e-01  -3.6729060e-01  -1.2087779e-02  -2.4242978e-01   1.5997722e-01   3.7398281e-01   4.1326406e-02   1.5008479e-01   4.7083529e-01   1.7446109e-01  -8.3838683e-03  -1.2746733e-01  -2.3082687e-01  -1.9298090e-01   9.7061127e-02  -5.3083328e-02  -3.7183447e-01  -1.0061898e-01   9.1532291e-02  -3.1406477e-01   1.2616717e-02   1.9519117e-01  -3.3876533e-02  -2.2839519e-01  -8.0400620e-02   2.0511606e-02   1.6703157e-01   1.5737956e-01   1.0883173e-01   1.1228369e-01
  -8.9648511e-02  -3.2963460e-01  -1.2533718e-01  -1.0317079e-01   1.3808166e-01  -4.7361401e-01   1.5040475e-01  -2.3539066e-01  -1.3504418e-01   7.9138975e-02  -4.5782495e-02  -2.5851670e-02   4.3814753e-02  -9.5377562e-02   1.0355233e-02  -2.9431836e-01  -2.7448047e-01  -6.3174409e-02   4.4790782e-01   4.2380593e-02  -1.0476003e-01   1.7802140e-02  -4.0515049e-02   2.1428289e-02   2.1425199e-01  -3.3946751e-02   2.1020233e-02  -1.5398162e-01   4.7565104e-01   4.8773730e-02  -1.1009913e-01  -9.6994161e-02  -3.0628988e-02  -1.3613352e-01
  -1.5497588e-01   2.3217906e-01  -2.9866112e-02   1.0357444e-01  -7.9830073e-02  -6.4707787e-01  -6.8394953e-02   1.3083923e-01  -2.7524012e-01   4.2370045e-02  -1.3863100e-01   1.9131421e-01   2.5370549e-01  -6.7176360e-02  -1.1592819e-01  -2.6770740e-01  -3.8743864e-01  -9.6454540e-02  -4.5297864e-02  -4.7382173e-02  -5.6240191e-01   7.9965424e-02  -2.1919711e-01  -1.4928305e-01   1.9979599e-01   2.0076090e-01  -1.6276074e-01   2.2539155e-01   1.3684287e-01   2.9243194e-01   9.5507320e-03  -3.3078788e-02  -7.6557966e-01  -5.3845462e-02
  -2.0043506e-01  -2.8601017e-01  -8.7806819e-02  -1.1135024e-01  -6.3037312e-02   3.0056374e-01   2.5942453e-01  -1.4337617e-01  -2.2714674e-02  -1.8772636e-01   2.5839645e-01  -1.4200307e-02  -1.5261175e-01   6.8019146e-02  -1.6825668e-01  -3.7229991e-01  -2.7393085e-01   1.1582729e-01  -4.8812784e-02   3.9554458e-02  -1.2509186e-01  -7.9103785e-02   1.1505343e-01   4.5009065e-03   1.1476171e-01   3.2266543e-01   3.6950685e-02  -1.3165551e-01   9.2280171e-02  -1.9462489e-02  -4.1201581e-02   2.0852780e-01  -4.5542701e-01  -1.0402149e-01
  -6.1302967e-03  -3.9920592e-02  -3.6358285e-02   7.0029190e-02  -5.3985625e-02  -1.4132646e-01  -1.3558736e-02   2.7978201e-01  -1.3719564e-01   1.0110506e-01  -7.5391051e-02  -5.1547835e-02   3.7950539e-02  -9.8658213e-02  -1.1952113e-01  -1.7275343e-01   1.3310167e-02  -9.2797851e-02  -8.7392191e-02   5.5574561e-03  -1.5846766e-01   9.4672967e-02  -4.0212391e-02  -5.2224929e-02   9.1280431e-02   9.5652756e-03  -1.2127269e-01  -4.2757044e-02  -2.1902044e-01   1.0202014e-01  -7.5539561e-02  -1.0952943e-01  -1.0687535e-01  -3.2223960e-02
  -1.3631884e-02   1.6715598e-01   2.5780159e-01  -2.8064579e-02   1.0852112e-02  -4.1375837e-01  -2.0041512e-01   6.1505167e-01  -5.8690919e-01   2.4178685e-01   2.1001534e-01  -1.9667665e-01   2.9725884e-01  -7.9995373e-02  -2.7082697e-01   2.7433266e-02  -4.2179487e-01  -1.0159455e-01   1.8488587e-01  -1.5993125e-02  -5.3381488e-01  -1.8214586e-01  -5.3551436e-02  -1.3176536e-01   3.6333781e-01  -9.6598617e-03   1.2912318e-03   4.2037816e-01  -5.3794997e-01  -1.2137491e-01   2.7695187e-01  -3.8418609e-01   3.3032093e-01   1.8564774e-01
