  -3.1194735e-02  -1.0068285e-01  -3.5117664e-02  -3.1521145e-02   1.1096584e-01  -4.4419752e-02  -6.7803286e-02   5.2710775e-02   5.9510289e-02   3.5440775e-02   2.8046543e-02   5.7683070e-02   1.3169808e-01  -5.0721517e-02   2.9828559e-02  -5.0173932e-02  -1.4912472e-02   9.7821518e-02   7.2433790e-02  -4.6899984e-02   4.1708965e-02  -7.9322977e-02  -8.6086686e-02   5.3960816e-02  -5.4243435e-02  -3.6499703e-02
  -1.1152002e-01   6.1015890e-02   3.3690623e-02   1.4364222e-02  -2.2845913e-03  -9.1151102e-02  -5.5103494e-02   6.7083410e-02   2.6669113e-02   4.1257928e-02   1.2306071e-01   1.3359992e-01   9.4348814e-02  -1.2736623e-01  -8.3120863e-03  -2.9398537e-01  -1.4262378e-01   2.0560468e-01   6.4893273e-02  -7.6219978e-03   1.0495344e-01   3.2067574e-02   8.9085330e-02  -1.3561645e-03  -2.6122091e-01  -1.4178298e-01
  -3.7954655e-01  -7.4195319e-01   6.1789234e-01  -8.1628965e-02  -1.3533963e-02  -1.9540635e-01   2.9664120e-01   4.4585862e-01  -2.6356009e-01   4.2972910e-02  -1.4657070e-01  -4.5654161e-02  -4.0222673e-02  -9.3706374e-02   1.9823331e-01   1.2378172e-01   5.5088199e-02  -9.6447058e-02   1.6383193e-01   6.0551116e-02   1.1361715e-03  -2.1723896e-01  -5.6383008e-01   1.7078400e-01  -5.5239473e-01  -6.1581595e-01
   1.2933029e-02  -3.1395489e-01  -1.3583711e-01   1.9566987e-02   1.7044352e-01  -2.3149808e-02   8.8233225e-02   6.1271826e-02   1.5762653e-01  -5.9112298e-02   7.8003549e-02   1.1081543e-01   2.2245540e-01  -6.3190057e-02   8.6664930e-02   2.8565352e-03  -2.2361373e-02   1.5916938e-02   1.6643677e-01  -8.5202705e-02   3.0361703e-02  -1.8281060e-01  -1.2985866e-01   7.7851129e-02  -3.4305578e-02   1.2899521e-02
  -9.9359201e-02  -2.2429452e-01  -2.5409803e-01  -5.1495904e-01   3.0853275e-01  -1.5735810e-01   7.8081249e-01   2.0480041e-01   1.3251206e-01   1.5501950e-01   2.3231760e-01  -4.1330809e-01  -9.6931336e-02  -1.3145839e-01  -1.5723725e-01   5.2108869e-02   9.6834468e-02   3.3614847e-01  -2.2315703e-01   3.2665311e-01   7.2707280e-02   3.1488025e-01  -2.8569341e-01   2.8526786e-01  -2.0341529e-01  -3.7772815e-01
   5.1397243e-01  -3.7880305e-01   1.2511167e-01   8.6525797e-02   1.1492623e-01   1.2901026e-01   6.0901633e-01  -5.5907102e-03   3.4882013e-01   2.3455193e-01   2.1384214e-01  -2.0416191e-01  -1.6654799e-01   1.6697084e-01   2.5945431e-01   3.0936552e-01   3.9256274e-02  -2.2726762e-01   1.3913900e-02  -2.0631860e-01  -1.2783761e-01   3.3208301e-01   1.0555805e-01   2.3136552e-01   1.5112156e-01  -1.0230450e-02
   5.4498683e-01   2.0663670e-01   1.1644269e-01   4.6954878e-01   5.9401422e-01   5.2931370e-01  -8.5527292e-01   5.7454028e-01   1.8090691e-01  -4.1706697e-01  -2.9168176e-01   2.0096681e-01   4.5429169e-02   1.7396257e-01   3.2366646e-01  -6.7490055e-02  -3.2231977e-02  -4.9254746e-01   3.2667822e-01  -9.7496433e-02  -1.2891671e-01  -1.2894181e-01  -6.0207478e-01   5.1410351e-01  -7.0703517e-02   2.7951155e-01
   6.7396115e-02  -3.1100603e-02   3.0652464e-01   1.0884044e-01  -1.7187446e-01   1.8787854e-01  -5.3271194e-03   1.9115407e-01  -9.1616587e-02   5.4918053e-03  -1.9501430e-01   1.5466845e-01  -2.0456685e-01   1.0778864e-01  -5.6531107e-02  -3.0750532e-02   1.0213217e-01   9.5389420e-02   4.6432093e-03  -2.5255986e-01  -9.1626158e-03  -4.5274498e-02  -7.5524244e-02   8.6784656e-03   7.8539271e-03   8.6375793e-02
  -2.2548004e-01  -6.9683523e-02   1.6612526e-01  -9.6162908e-02   1.4036120e-01  -7.1781819e-02  -4.9397094e-01  -4.0421272e-02   1.5405069e-01  -1.7022215e-01   2.5874157e-01  -4.0852632e-01  -4.3165988e-02   1.9906809e-02  -9.8370665e-02  -1.8306954e-01   7.7640463e-02   3.6997949e-01   9.1367924e-02   3.7041737e-01  -7.5897264e-01   1.1980842e-01  -1.1588875e-01   1.4369682e-01   3.6797909e-01   4.0332129e-01
   2.3813118e-01   8.9499828e-01   2.0849994e-01  -1.5838841e-01  -5.2935117e-01   2.7303369e-01  -4.7995619e-01  -1.3096511e-01  -1.3342811e-01   3.8751452e-01  -6.2503430e-01  -5.8324693e-01  -6.5599766e-01   3.7617499e-01  -2.3917861e-01   1.1145731e-01   4.4039403e-02   1.5036041e-01  -6.7860015e-01   4.3012186e-01  -1.0992124e-01   8.2776826e-01   5.9371591e-01  -1.9680997e-01   5.4265965e-01   5.0536300e-01
  -6.6067993e-02   3.1697778e-01   3.2189600e-01   2.3876663e-01  -2.2109785e-01   4.6728485e-04  -2.3943790e-01   2.0105307e-01  -4.3615091e-01  -2.3547064e-01  -2.7845105e-01   1.9347811e-01  -2.2615095e-01   1.3763506e-01  -1.4760963e-01  -7.5132553e-02   1.0193171e-01   2.4644237e-01  -2.1753085e-01   1.2262427e-01   6.9029335e-02   1.5233274e-01   3.1397338e-01  -1.6716696e-01  -7.8226333e-02   1.3822528e-01
  -2.7280148e-02  -2.3987861e-01   3.0722176e-02   7.3220575e-02  -3.1812457e-02  -4.8072681e-02   8.2092760e-03  -9.5215030e-02   5.6950990e-03   4.7796183e-02   2.2375683e-02   8.4408306e-02   1.1361743e-01  -3.4557801e-02   1.5415935e-02  -4.9689150e-02   2.0439647e-02   1.3630305e-01   3.2983398e-02  -4.5186697e-02  -2.3254263e-02  -1.3636033e-01  -6.0814584e-02   1.3462810e-02  -5.8194035e-02  -6.3611458e-02
  -6.0413026e-02  -7.3067924e-01  -2.5123923e-01   7.0001283e-02   2.9576657e-01   2.1813670e-01   6.7797477e-01   2.3160656e-01   2.9695524e-01  -3.1538308e-01   1.6673407e-01   1.1772466e-01   8.0276207e-02  -9.6124377e-02   2.6428987e-01   2.6826951e-01  -6.7198248e-02  -2.3431071e-01   4.3586256e-01  -1.8497552e-01  -1.3100798e-01  -3.2503293e-01  -3.3290090e-01   1.7103446e-01  -8.2576618e-02   1.2352441e-01
  -4.0049165e-01  -1.3202987e-01   1.3718972e-01  -4.0831602e-01   1.5405809e-01  -2.2842388e-01  -6.6055994e-01  -2.3770052e-01  -1.0506924e-01   1.5023667e-01   3.5823114e-01  -4.4008646e-01   2.4842662e-01  -2.2025010e-01   1.7246738e-02  -1.3160735e-01   3.1641403e-02  -2.1759930e-02   6.7286203e-02   3.5285801e-01  -8.0270248e-02  -4.7635906e-02  -3.9144347e-01   4.0969831e-01   1.7496102e-02  -4.9183283e-02
  -5.0081892e-02  -4.4429119e-02  -1.2476178e-01  -7.0295101e-02   1.5666105e-01  -9.8883760e-03  -5.5622482e-03   4.9441691e-02   1.1432630e-01   4.8146845e-02   9.1331954e-02   4.0538363e-02   5.8420219e-02  -5.6452152e-02   3.4074033e-02  -5.3848728e-02  -4.0861020e-02   3.1181405e-02   5.0335148e-02  -6.2784213e-02   3.3953297e-02  -1.0066261e-01  -1.3649490e-01   5.8931224e-02  -4.4696707e-02  -4.1293523e-02
   8.3473304e-02   6.4693158e-02  -6.1966654e-02   1.0075649e-01  -1.3125704e-01   7.7023331e-03   2.6327152e-01   1.6372065e-01   1.2828555e-01  -1.1989738e-01   2.0039203e-02   4.9583943e-02   5.4903810e-02   1.8986845e-01  -2.2264425e-02   1.8359021e-01   1.1465309e-01   1.5162186e-02  -1.2584955e-01   1.2193940e-01   1.2620440e-02   6.8143706e-02   1.4979835e-01  -2.6939243e-01   3.0352446e-01   2.7142419e-01
  -3.1703767e-01  -5.6464682e-02  -1.8268148e-01  -7.6110162e-02  -3.8244287e-02   1.3626973e-01   2.5203784e-01   1.7255306e-01  -2.7012470e-01   1.7554962e-01   2.0765175e-01  -1.4731809e-01  -1.8048274e-01  -2.5093093e-02  -1.9660697e-01   4.5711112e-01   6.7638073e-02   3.1071760e-01   6.0110147e-02   2.3141557e-01   3.2338480e-02  -1.5987742e-01   8.1081092e-02  -9.5417806e-02  -3.8603816e-01  -2.4865230e-01
  -1.7809194e-02  -2.8151563e-01  -2.2168253e-01  -3.3514630e-02   9.0041991e-02  -5.4747252e-03   4.2554686e-01  -1.0953279e-01   1.9366775e-01   1.0406611e-01   2.8015050e-01   3.8791808e-02   1.2211390e-01  -7.4054583e-02   5.0080554e-02   1.5070626e-02  -1.2277386e-02  -1.6018215e-01   1.9041918e-01  -2.2908999e-01   5.6309996e-07  -1.6278069e-01  -9.1877563e-02   1.4642714e-01  -3.5812566e-02   1.4811190e-03
  -2.0573949e-01  -3.8903621e-01   2.8821192e-01   1.7033109e-01  -5.5388157e-02  -3.2594316e-01  -1.3054373e-01  -7.0097440e-01  -1.9993479e-01   4.4595728e-01  -8.6240694e-02   3.6207326e-01   3.8749572e-01  -3.0721558e-01  -1.0464642e-02  -3.1331063e-01  -4.3576512e-03   4.8887308e-01   1.8059639e-01   2.9798550e-02  -1.8345957e-01  -4.8636547e-01  -2.6804526e-01   2.9371453e-02  -4.9888592e-01  -4.4218560e-01
  -3.5669420e-01   7.4235965e-01  -8.1343064e-04   2.9790233e-02   1.8188373e-01   5.6952064e-03  -1.1291161e+00   4.0427366e-02  -4.0895085e-01  -3.4761772e-01  -8.0270750e-01  -1.6832706e-01  -2.7850701e-01  -6.7399840e-02   3.2050151e-02  -3.8149790e-02  -3.2520557e-01   6.1215609e-02  -9.4610452e-02   9.0842173e-01  -3.8312481e-01   6.0669574e-02   4.6038284e-02  -5.6699312e-01  -4.6610477e-01  -4.8393214e-01
   4.3632448e-02   5.7394244e-01   2.5093338e-01  -8.5408883e-02  -2.2042094e-01   7.6854436e-02  -4.1002475e-01   3.6881472e-02  -1.7890075e-01   1.0873787e-01  -2.6761209e-01  -2.0043102e-01  -2.3843750e-01   1.3146520e-01  -1.1484539e-01  -5.8311403e-02   1.6550309e-02   1.8351027e-01  -2.3999174e-01   2.4148942e-01  -9.0880759e-04   3.9568094e-01   2.7744313e-01  -1.7289233e-01   1.8202756e-01   7.4755775e-02
  -7.5183933e-03  -9.0163940e-02   3.5296128e-01  -3.4995809e-02  -3.4931268e-01  -1.7558088e-01  -3.0915226e-01   4.6275615e-02  -7.8196567e-01  -8.1615170e-01  -8.7049235e-01  -2.4831864e-02  -1.3651161e-01   2.1995380e-02  -2.6299998e-01   4.6814241e-01   2.2148103e-01   4.3823662e-02  -2.1536188e-01  -1.6713447e-01  -2.8523429e-02  -1.0848103e-01   5.8392385e-02  -1.0000657e-01   2.8851290e-02   9.0569321e-02
  -6.1725290e-01  -3.3658405e-01   1.6471486e-01  -3.5940963e-01   1.8322668e-01  -1.2667449e-01  -4.4354969e-02  -2.4593789e-02   8.6941249e-02  -1.7997121e-01  -7.3551483e-01  -5.0110342e-01   3.7151996e-01   5.8944180e-02  -1.7947830e-01   2.5621633e-01   2.8404475e-01   6.6597116e-01  -3.6528515e-02   3.6758454e-01  -3.3096429e-01  -4.0382394e-02  -4.7130013e-01  -2.2048289e-02  -1.6572111e-01   2.4583761e-01
   3.9589203e-03  -1.2881976e-02   1.9373275e-02  -1.3326635e-02   4.9391446e-03  -1.3845536e-02  -2.2276901e-02   1.4724546e-02  -8.9847826e-03   2.3661191e-02   2.7389019e-02   1.7502472e-02   6.0030940e-03  -1.3494387e-02  -5.3601896e-03  -6.9561268e-03   1.4038960e-02   3.1720636e-02  -4.6952704e-04  -5.0781589e-02   3.3519898e-02  -1.1088517e-02  -1.2965608e-02   3.5822655e-02   4.9083822e-03   8.7778474e-03
