  -4.6602885e-02   1.1405980e-02   5.0871662e-03  -2.7021910e-02   5.0315958e-02  -2.5577475e-02  -6.9182099e-02   4.7549432e-02   9.0768217e-02
   7.5761523e-03   1.2878315e-02  -1.2275273e-01   4.8701664e-02   6.2116281e-02   2.9182380e-02   2.3641040e-01   1.0703862e-01  -7.9978475e-02
   1.3838661e-01  -2.7828778e-01   1.3287239e-01  -5.0511155e-01  -5.6465637e-02  -1.8085824e-01  -4.4358029e-01  -2.2934874e-01   1.0098276e-01
   2.9943704e-02  -3.0005545e-02   5.7284164e-02   2.2211852e-02   1.0380860e-01  -8.9548630e-02  -4.4055725e-02   4.0375398e-02  -2.9005434e-02
  -3.6273863e-03  -6.7498067e-02   2.1461658e-01  -1.7691078e-03   2.0274980e-02  -1.5651781e-01  -1.2972593e-01  -9.7354384e-02   1.0218374e-01
   1.1525327e-02   4.7000739e-02   5.4046155e-02  -9.8190410e-02   6.6153425e-02   1.5659093e-02  -1.2528736e-02  -3.6714661e-02   8.5093263e-02
  -2.2075937e-01   5.0462945e-01   4.5774277e-01  -2.7365046e-01   4.1242273e-02   1.8686695e-02   1.5834616e-01   8.2951498e-02  -1.4756692e-02
   8.9476664e-02  -1.2900814e-01   2.4592920e-01   2.5058139e-02   2.8762116e-01  -2.4040215e-02  -6.2552685e-02   1.9102189e-01  -1.7589699e-01
  -3.2281389e-01   6.6840384e-01   7.2077228e-01  -5.6119737e-01   7.7000865e-01  -6.6896977e-01   2.2823801e-02   3.8730401e-01   1.7279701e-01
   4.1643725e-02  -5.4518680e-03   1.4012929e-01  -1.6396285e-02   9.0429725e-02  -1.2046027e-02   4.8547514e-02   9.4327967e-02  -6.4459447e-02
   2.0307046e-01  -1.5897093e-01   2.5093701e-01  -1.8223519e-01   8.4723760e-02  -8.1002721e-02  -7.3895611e-02  -2.0066097e-02   9.4234161e-02
   1.9936557e-01  -6.5764861e-02  -1.3047013e-01   3.9609091e-02   7.1863906e-02  -1.0567625e-01  -4.3708273e-02  -1.6943705e-01  -2.2374293e-02
  -2.5395651e-01   1.8749036e-01  -1.1067858e-01  -1.3918856e-01  -3.1698588e-01   5.1799162e-01   5.9026975e-01  -3.0133848e-01  -1.9340402e-01
   1.1466369e-01   6.2892017e-02  -1.8940805e-01   6.2662818e-03   9.3390343e-02   8.6008768e-02   4.7793688e-01   1.6464557e-01  -3.6843409e-02
  -3.3204247e-02  -1.4060231e-01   2.7299269e-02   6.8043830e-01  -4.3694563e-01  -8.2304933e-01   2.7500681e-01  -1.2383483e-01  -1.6015127e-01
   1.5518324e-01   1.9576976e-01  -3.2882604e-02   1.2994648e-01  -7.9124470e-01   1.5876827e-01   2.6458344e-01  -7.7365634e-01   4.9458260e-01
   6.9505257e-02  -2.5093694e-02  -5.7847275e-02   8.8175984e-02   5.0273998e-02   8.5983345e-02  -5.2588291e-02  -1.2661738e-01  -1.4027707e-01
   3.1716868e-01  -1.0004528e-01  -2.4075081e-01   1.6407313e-01   4.3735867e-02  -1.4906647e-02  -4.1341677e-01   5.9355461e-01  -1.1494439e-01
   1.0602877e-01  -5.6977980e-02  -1.3609192e-02  -5.2868784e-02   6.4274279e-02   1.9621827e-01  -2.1843780e-03   9.7807213e-02  -4.3061651e-02
   3.7573818e-01  -3.3801478e-01  -2.1229634e-03  -4.3858513e-01   9.9688788e-02  -9.8965805e-02  -5.6830445e-02  -2.0297500e-01  -9.8717908e-02
  -1.0253368e-01  -6.1904973e-02   3.0347790e-02  -5.6222990e-03  -4.0656390e-02   8.6391637e-02  -7.0209742e-02  -5.3956081e-02   6.9698783e-03
  -7.7736205e-02  -5.8179031e-02   1.0374479e-01   6.5438477e-02  -2.9311065e-02   1.4889002e-02  -9.5434895e-02  -1.4382505e-02  -5.4212078e-02
   6.6838619e-01  -4.6832668e-01   3.0736344e-01  -3.6111954e-01  -3.9287736e-01   1.1425594e+00  -3.9962102e-02   2.8612452e-01  -3.7411099e-01
   9.2122440e-02  -5.4507533e-02   1.1373815e-01  -9.7838269e-02   1.4618058e-01  -7.4238686e-02  -3.8433606e-02   5.6773321e-02  -8.1751859e-02
  -3.8034867e-03   4.5641876e-02  -5.7944898e-02   7.6797802e-03  -5.8846069e-02  -2.8708327e-02   1.0682922e-01  -1.2131283e-01   5.6037058e-02
  -4.1299823e-02  -5.9414790e-02   7.7378322e-02  -2.3048124e-01  -6.8201437e-02  -1.0250214e-01  -4.9301573e-01  -3.2449965e-02  -3.7796710e-02
   4.9167613e-02  -9.3676863e-02   7.9357592e-02  -1.2188930e-02   3.8108841e-02  -5.0247348e-02   3.4726506e-02   1.9299733e-02  -7.3319250e-02
  -2.2481751e-02   4.3216092e-03  -1.8683151e-01   9.4102000e-02  -1.1333652e-01   4.5516668e-02   9.6888461e-02  -2.5758622e-02  -8.7474189e-03
   9.1189940e-02  -2.8536257e-02  -1.4272337e-02   2.6209619e-02   5.9255353e-02  -1.0293172e-01   2.0128127e-03   2.8077897e-02   4.6589693e-02
  -1.9059337e-01  -4.5639828e-03   4.6670443e-02   7.2496182e-01   1.1598622e+00   1.4980684e-01   6.8966658e-01   6.0029427e-02  -5.3670882e-01
  -1.9282933e-02   8.4234206e-02  -2.0931647e-01   5.2610927e-02  -1.1587894e-02   1.6890195e-01   1.0787695e-01   6.5712561e-02  -1.1625606e-01
   1.3052934e-01  -4.5271327e-02  -1.1505807e-01   1.2286237e-01   1.2248291e-02  -6.9371648e-02   4.9685890e-03  -9.3549954e-02  -7.5943556e-03
   8.3667790e-02   1.2469831e-02   4.9990414e-02  -2.5160048e-02   2.9319373e-02  -1.1453168e-01  -4.3484790e-02  -5.6566009e-02   6.0107306e-02
   1.9924104e-01  -1.1063520e-01   3.7100988e-02  -1.0658079e-01   9.2941169e-02  -5.0215521e-02   7.8948621e-02   7.0054776e-03  -8.8861388e-02
  -9.0366323e-02  -4.0731303e-02  -6.6676191e-03  -3.4147966e-02   2.9015992e-02  -3.1826855e-03   3.5697843e-02  -1.2296584e-01  -2.1413124e-02
  -1.0341233e-01  -1.2730739e-01   2.3504254e-01   4.8283887e-03  -1.2068326e-03  -7.8959195e-03  -1.5575703e-01  -1.1346518e-01  -4.9441419e-02
  -1.2476469e-01   1.1550034e-01   5.6057175e-01  -1.1730829e+00   7.2906852e-02   1.1626367e+00  -8.5798741e-01   1.2790651e-01   1.7643960e-01
  -4.4270225e-02  -6.9967654e-02  -1.6401792e-01   3.8296714e-03  -5.1405705e-02   2.2066924e-01  -9.2507259e-03  -1.5761572e-02  -5.6704038e-02
  -2.5478942e-02  -9.1414536e-02   3.7142844e-02   2.0763809e-01  -3.9212364e-02   6.3178001e-02  -1.9243147e-02  -1.0884855e-01  -6.8061410e-02
