   2.6504986e-02
  -2.9831680e-03
  -1.3925396e-01
   1.0502897e-02
  -7.1709589e-02
   2.3810123e-01
  -2.1658818e-02
  -8.6351954e-02
  -3.8554482e-02
   2.3095945e-01
   2.3373241e-01
   1.5493204e-02
  -6.7438701e-02
   3.0936854e-02
  -3.0855272e-03
   6.5577235e-02
  -3.3292099e-02
  -8.3013615e-03
  -2.5931994e-01
  -1.6843158e-01
  -2.5962014e-01
  -6.6338320e-03
   2.2850207e-02
   1.9605877e-01
   7.5457423e-02
  -8.0271869e-02
   2.2243295e-02
  -1.3384956e-01
  -2.5590070e-01
  -2.4177753e-02
