   2.4754608e-01   5.3753442e-02   2.2449643e-02  -3.4235826e-02   9.2934892e-02  -1.0165552e-01  -1.0684831e-01  -1.6741601e-01   4.8065702e-02
  -9.3042101e-02  -5.3685245e-02   4.2352678e-02  -2.0671417e-01  -1.2203565e-01   4.2807130e-01   1.3407706e-01   2.0892196e-01  -5.1678683e-02
  -4.2945206e-01  -1.0283832e-01   2.7426346e-01  -8.1491623e-02  -4.1704412e-01   1.1402617e-01  -3.7967327e-01   2.7927438e-01   1.6300280e-01
   5.8223304e-02  -7.7515467e-03   1.6990523e-01   4.6857786e-02   6.4145346e-03  -1.5119295e-01   8.8301689e-02   1.8116007e-01   5.5565854e-02
  -1.8613887e-01  -5.1139549e-02  -1.6928992e-02   5.3952799e-01  -3.8691476e-01   1.9673682e-02  -1.1475039e-01  -2.8185873e-01   2.0085517e-01
   1.9615082e-01   9.8036422e-01  -2.5571551e-02  -4.9888671e-02  -3.9924232e-01   3.2666393e-01  -1.4237685e-01   2.7771065e-01  -8.5488554e-02
   1.4551938e-01   5.5048686e-02  -5.9763667e-03   5.5305714e-02  -1.9598504e-01  -3.9313757e-01   4.1328676e-01   5.1096529e-01   2.2590364e-01
  -9.5194614e-02  -2.0262793e-01  -1.4433327e-01  -7.9888589e-02  -5.4239212e-02   2.8518476e-01  -2.4662472e-01  -4.2325898e-03  -1.1420211e-01
   8.0722611e-02   5.9456548e-02   3.1125622e-01  -8.5558164e-02   3.1288611e-01  -6.3157550e-01   6.4364083e-01   1.4587233e-01   1.1091067e-02
  -7.6978555e-03  -1.0648005e-01   1.5240274e-01  -1.6134761e-01   1.0822876e-01  -1.1003515e-01  -1.8463555e-03   1.4432177e-01  -6.0945342e-02
  -5.9937794e-02  -4.1070929e-02  -1.9063987e-01  -1.9657204e-02  -1.2048671e-01  -3.7063701e-02   6.1075898e-02   5.5545433e-02  -9.1325205e-02
   1.0929770e-01  -1.0857329e-01  -9.0671667e-02  -4.1005913e-01   5.3893190e-02  -1.4327484e-01   1.3612612e-01  -3.8495057e-01   1.0592066e-02
  -1.2340454e+00   1.2835436e-02   9.2376602e-02  -1.1845214e-01  -1.5279728e+00   1.5150331e-02  -2.8456158e-03  -7.3245517e-02   9.6729380e-02
  -6.5343357e-02   5.8650056e-01  -8.9919789e-02   5.5832268e-01   1.7386939e-01   2.0095546e-01   1.9759925e-01  -9.9848969e-01   1.1496651e-01
   3.8291858e-01   2.2757372e-01   1.2103147e-01  -2.1246447e-01  -3.4032864e-01   4.9283648e-01  -4.2454017e-02   3.2025516e-01  -1.9732965e-01
   2.0775801e-03   2.7878744e-02  -3.5766418e-01  -4.7072299e-03  -2.5532881e-01  -6.0817207e-03  -7.1345901e-03  -3.1610883e-02   4.6581783e-02
  -1.1622860e+00   9.7063692e-01  -3.4813867e-01  -3.5220831e-01   2.8905481e-01   1.1704974e+00  -2.1902245e-01   2.1306668e-01  -7.3570763e-01
   1.2780720e-01  -1.0815598e-01   8.4555020e-03   7.4886045e-02  -6.9940052e-02   2.7571952e-02  -1.4596147e-01   1.4222447e-01   1.3031514e-01
   3.1407023e-02   2.3632538e-01   9.8628536e-02   1.3120036e-01   5.1852221e-02   1.9201123e-02   8.4273486e-02   3.2149324e-03  -4.7374991e-02
  -9.4498552e-02  -7.2076228e-02  -1.4336739e-01   5.5893598e-03  -2.4726375e-01   1.6102411e-01  -5.4997956e-02   1.7727181e-01  -2.3655472e-02
   2.4745577e-01   1.1044383e-01   3.0887952e-02  -1.5021317e-01  -6.1052492e-02  -1.1345888e-01   1.0320620e-01  -1.9848338e-01   6.2899759e-02
  -3.6702465e-01  -2.1172463e-01   2.9370767e-01  -2.6336278e-01  -6.3514933e-01  -2.3302825e-01   2.3102317e-01  -3.1743991e-02   5.4080054e-01
  -5.7224367e-03  -3.8393311e-02  -1.8221481e-02  -3.1580033e-02   1.0152801e-01   1.6851626e-02   9.0139759e-03  -6.9404901e-03   6.4330827e-02
   4.3252236e-01  -1.3419524e-01  -3.5357932e-02   5.3642271e-01  -2.8491378e-01  -2.3668534e-01  -2.4607259e-01  -1.6697471e-01  -1.1335629e-01
   4.0642831e-02  -1.1138771e-01  -7.1941621e-02   4.7638187e-02  -2.5708968e-02  -8.4077296e-03   1.5067646e-01   1.6634968e-01   7.1011782e-02
   1.9562930e-01  -2.1177562e-02   3.6887842e-02   9.5360879e-02  -1.8598936e-01   1.0810638e-01   7.2458373e-02   4.2358719e-02   9.9002513e-02
  -5.1534885e-02   2.8313072e-02   1.1407412e-01   1.7801328e-02   1.7987311e-01   7.5578886e-02  -4.2441736e-01  -2.2884639e-01  -8.2242837e-02
  -1.1781940e-01  -7.9551288e-02   1.1893249e-01  -1.3594275e-01  -3.6669049e-01  -1.0741735e-01   2.6905147e-01  -1.2820638e-01   5.0850498e-02
  -1.6780721e-01   6.1632720e-02   1.2916368e-01  -2.2977751e-02   1.5476981e-01  -1.5536374e-01   2.7298633e-02  -3.2750736e-01  -1.1745548e-01
   5.8553952e-02   4.6255685e-02   7.0858560e-02  -9.7146752e-02  -1.4675668e-02  -4.8114214e-02  -3.8985186e-02  -2.0047349e-01  -2.8643410e-02
   6.3600105e-02  -3.7366328e-02  -2.7161076e-03   1.7578207e-02   1.4235637e-01  -3.7820513e-02  -1.8471773e-01  -8.8931955e-02   7.0450219e-02
   3.1757768e-01  -2.4423709e-01   1.1011696e-01   2.9288174e-01  -8.9291414e-02  -4.6205868e-01  -3.5596472e-01   3.6604655e-01   2.2937755e-01
   1.0621418e-02   1.0313352e+00   1.8901606e-01  -2.8975025e-01   3.3882560e-02  -1.2581525e+00   2.6101245e+00   1.4427637e-01   7.7515085e-01
   1.6932036e-02   8.1395995e-02   2.8331623e-02  -1.0166349e-01   9.9307251e-02   1.2544301e-01   5.8531821e-02   2.9235271e-02  -9.0209580e-02
  -4.2256337e-01  -3.8212889e-02  -3.4336999e-01   3.4277357e-01   5.4694068e-01  -4.6090543e-01  -4.9976310e-01  -4.0231798e-01  -5.4524003e-01
   2.1996793e-02   8.3403812e-02   8.4642747e-02   9.4300302e-03  -3.8973567e-02  -1.1739765e-01   3.7852281e-02  -1.6759047e-01  -7.3978150e-02
   9.8872304e-02  -4.6083566e-02   2.7229043e-01  -8.8971935e-02   3.7532835e-01   9.6059998e-02  -1.6758218e-01  -1.7519680e-02  -6.6109580e-02
   2.5184484e-02   2.2084152e-01  -3.6575196e-02  -1.5847145e-01   1.3686046e-01   1.2815336e-01   1.4137735e-01  -2.4482136e-01   3.0089237e-01
   6.8697187e-01   3.5145385e-01  -3.1416075e-01   1.7835714e-01   9.2648788e-02   9.5390326e-01   1.3681381e-01   1.4870202e-01  -3.4476760e-01
  -4.7392360e-02   3.0144456e-01   6.8629149e-02   1.1728402e-01   1.6040001e-01   8.5206802e-02   6.2469154e-02  -2.0148509e-01  -1.5218979e-01
  -5.4971998e-02   4.3544390e-01   4.8273206e-02   2.5756289e-01  -4.3371616e-02   4.3420950e-01  -1.1267838e-02   1.3308945e-01  -2.3636430e-02
  -6.6320786e-02  -1.0659947e-01  -6.9418874e-02  -1.3190551e-01  -1.2802271e-02   5.9119858e-02  -1.6047089e-01   4.6698714e-02  -1.4232612e-01
   8.2568735e-03   1.4151533e-01   3.0593462e-01   1.7003939e-01   4.3572016e-01   4.4768635e-01  -5.5188273e-02   2.5624047e-01  -1.6512481e-01
  -8.9991873e-02  -5.3010198e-02   5.3651121e-02  -2.5613695e-02  -2.4427046e-01  -1.3274616e-01   3.7974095e-01   9.4963509e-02  -3.6985718e-02
  -8.6236242e-02   1.5254523e-03   2.7471679e-01   1.7775838e-02   1.6519865e-01   8.6594123e-02  -1.0373040e-01   2.5300478e-01   7.1967693e-02
   1.8246753e-01   1.3815992e-01  -1.3904949e-01   1.6837923e-01   6.2830843e-02  -5.7369783e-01  -2.1321884e-01   2.5165229e-01  -2.9611215e-02
  -8.4595627e-02  -9.2290297e-02  -1.6637220e-02  -8.8153425e-02   9.4583518e-02   1.5725816e-02  -5.1458221e-02   1.1380306e-01   8.1700521e-02
  -3.8632502e-02   1.0136031e-01  -5.7119582e-03  -1.5923457e-01   1.0232980e-01  -1.0372857e-01  -5.0871497e-02  -4.8152996e-02  -1.5838231e-01
