   2.4921108e-01   4.0094862e-03   3.2598908e-01   1.3879948e-01   2.4191221e-01   5.1225174e-02   3.9177680e-01  -7.6349768e-01   1.8799545e-01
  -6.4408730e-01  -2.2050373e-01  -4.7365140e-01  -2.9751333e-01  -1.1142475e+00   4.4437743e-01  -2.0472821e-01   5.4736728e-01  -8.6725531e-01
  -1.0105038e+00  -5.8896509e-01  -7.0366423e-01  -7.0982118e-02   5.2165590e-01  -1.2644642e-02   1.5351285e-01   7.9096320e-01   8.2012956e-01
   1.4744196e+00  -7.2420935e-02  -3.6767297e-01   4.8243840e-02   2.0177230e-01  -1.0740889e+00   7.7291916e-01   5.7269267e-01   1.7369227e-01
   4.8611704e-01  -1.4905015e-01   3.3433126e-01   4.7842709e-01   5.8545509e-01   2.0784864e-01   2.4226246e-01   7.0064795e-01  -1.0116605e+00
  -5.5279485e-02  -1.6962358e-01  -1.8886305e-01   8.1383690e-02   2.7116523e-01   3.4666499e-01  -1.2605380e-01  -8.4772719e-02  -2.1954483e-01
  -1.1620848e-01   6.1480618e-02  -5.4059870e-01  -7.7451074e-02  -1.3225030e-01   2.4296309e-01  -2.4198739e-02   1.5998738e-01   2.2449717e-02
  -2.0212725e-01  -4.4899523e-02  -8.5242390e-01  -1.0375636e-01  -7.2971060e-01  -2.5627312e-01   5.3739421e-02  -3.5222254e-01   1.5213581e-01
   4.5196665e-02   5.5221373e-01  -1.1412107e-01  -1.4124677e+00  -1.0264564e+00   1.0477894e+00   6.8911436e-02   4.4566235e-01  -1.2535378e-01
   1.0272650e+00   3.1681394e-01   2.7710942e-01   6.2211266e-01   1.1728923e+00   1.4093944e-01  -1.2772269e-01  -2.1063900e-01  -2.1658176e-01
   1.1661239e-01   1.2144090e-01  -1.5105689e-02   1.9386393e-01  -1.1801916e-01  -1.3148284e-01  -1.9514810e-01  -5.6592802e-03   2.3022258e-01
  -7.4552358e-01   1.5336207e-02  -1.4118039e+00  -5.9214676e-01  -7.2655570e-01  -7.1644124e-01  -2.9488658e-01  -4.8916074e-01   6.2823968e-01
  -9.4791694e-01   4.7012145e-01   2.0923653e-01  -2.3415986e-01   2.8740454e-01   1.2117914e+00   9.4157010e-01   1.5704777e+00   1.0017166e+00
   5.9590306e-01   6.7749135e-02   2.0880641e-01  -3.0054053e-01  -2.9335658e-01   9.2175341e-01  -2.4685103e-01   2.4521968e-01   1.6190087e-01
  -2.6542679e-01   6.0929877e-03  -6.9550706e-02  -5.0691552e-01   3.3600360e-02   1.2568991e+00  -8.6518183e-02  -4.2031526e-01  -1.6736130e-04
   1.4312426e-01  -8.1330112e-02   7.1130849e-02   2.9115379e-01  -2.4413578e-01  -2.2383829e-01  -2.2826710e-01  -3.3882279e-01   2.6317509e-01
  -4.0345143e-02  -1.2482445e-01   1.2469003e-01  -1.0766820e-01   7.6034232e-02  -3.8922726e-02   1.7716464e-02  -4.6608212e-02  -9.2342523e-02
  -4.6616406e-01  -1.3188934e-01   3.5842485e-01   3.4107000e-01  -1.3391396e-01  -2.4845848e-01   3.1187278e-01  -1.0446645e-01  -5.7949467e-02
  -4.6586001e-03  -4.1989774e-02  -4.8141644e-02  -1.2158781e-01  -3.9281384e-03   5.6971810e-02   1.0714644e-01   1.7630587e-02  -8.2478988e-02
  -7.3863263e-03  -8.7242704e-02   1.1508409e-01   5.7756344e-02  -5.8683222e-02  -8.3152781e-02  -7.7372040e-02  -4.1726168e-02  -1.0952337e-01
   1.9900469e-01  -2.5002392e-01   4.0021768e-02   1.1171896e-01  -1.6379877e-01  -6.6457200e-01  -3.6504253e-01   3.6482683e-01  -8.2271676e-02
  -4.5307455e-01   1.4655825e+00  -1.0362673e-01   3.5367161e-01  -1.8273290e-01   8.3263392e-01   7.0067970e-02  -7.1025831e-02  -6.1295626e-01
   9.0914813e-04   7.8396020e-01   3.4655855e-01  -1.0339878e-01  -3.5869138e-02  -3.0071205e-01   4.6696098e-01   3.6784206e-01   9.2699081e-02
  -9.7964133e-01  -3.9508184e-01   4.8800482e-01   4.2427925e-02   3.9011702e-01   2.1301768e+00  -2.8391580e+00   2.8298672e-01  -2.2219716e+00
  -1.0956834e+00  -2.2269811e-01   7.3332594e-01   2.1790364e-01  -3.9396134e-02  -1.1693028e+00  -3.6826313e-01  -6.1172064e-01  -4.2105916e-01
   3.8591482e-02   7.4894177e-03   2.1111087e-01   1.0443753e-01   9.1141704e-02  -1.1524394e-01  -1.1383635e-01  -1.9823606e-02   1.0543184e-01
  -9.5151234e-01   1.1003512e-01   5.8804185e-01  -3.3185914e-01   4.3897535e-01  -5.4713299e-01   3.1622287e-01  -2.8418388e-01   4.7787293e-01
  -5.0411208e-01  -1.0218524e-02  -3.4734108e-01   1.3100002e-01   2.3508121e-01   3.2970716e-02   4.3440228e-02   1.1223854e-01  -3.4779398e-01
   3.7734910e-01  -1.1129836e+00   9.2923667e-01  -4.7062683e-01  -7.6835482e-01   3.4423839e-01  -4.2205113e-01   2.7078773e-01   7.2266864e-01
   1.9076095e-01  -1.3826045e-01   6.3709548e-02  -1.7266532e-02   1.3350653e-01  -1.1076986e-01   3.8770061e-02  -2.2507551e-01   1.7858177e-01
