   1.0078984e-01   2.8120147e-02   1.8605655e-02  -1.1322008e-02  -6.5208283e-02  -3.3110695e-02   1.0533510e-01  -4.4082232e-02  -3.6592322e-02
  -2.7030408e-01  -1.7961372e-02   4.8798703e-02  -6.3253730e-02  -3.5051930e-02  -2.4413783e-01   6.5354822e-02  -2.7642591e-01   6.0196378e-02
  -1.1495603e-01  -1.6262034e-01  -1.8052484e-02   7.6531902e-02   1.7410928e-02   7.7826867e-02  -1.0263971e-01   1.5943700e-01  -7.0631285e-02
  -4.6916725e-02  -4.1318382e-02  -1.2327884e-01  -8.8735008e-03   6.3561302e-02   2.2093430e-02  -2.0822469e-01  -2.9750044e-02   9.3232440e-02
  -2.5214080e-02  -7.4032157e-01  -2.2221513e-01  -5.4410758e-01  -6.3631658e-02  -1.2237196e+00  -4.2486762e-01   6.4683207e-01   3.8172401e-01
  -1.3666536e+00   6.9199235e-01  -9.1195072e-03  -4.3978498e-01  -7.4969084e-01   1.2725849e+00   2.6779850e-02  -5.4043972e-02  -3.2218173e-01
  -8.0352701e-01   4.9074902e-01  -1.6672005e-01  -4.7357243e-01  -3.0311028e-01   4.6692339e-01  -6.4614845e-02   9.4258394e-01  -5.8848224e-01
   1.5343563e-01   1.2324320e-01  -1.2937692e-02   4.4586972e-01  -2.1810804e-01  -6.2029559e-01   1.8334419e-01   8.2152717e-01  -4.5087109e-01
   2.7016698e-01   4.7433903e-01  -6.4712683e-02   1.2471237e-01   1.2951608e+00  -4.3268812e-02   1.6620189e+00  -1.6332296e-01   1.0171093e+00
   7.4698148e-02   8.7832881e-02  -1.0430994e+00   2.0741100e-01  -3.2676662e-02   1.0394580e-01  -6.8265344e-01   7.4433507e-02  -4.3490022e-01
   3.0599171e-02  -2.8437102e-02  -5.7151300e-02   7.0030145e-02  -7.1412341e-02   2.4971389e-02   9.1451195e-02   1.2431263e-01  -1.8701223e-01
   8.3796272e-01  -1.0932231e+00   6.0808454e-02  -3.5082805e-01  -4.7290039e-01  -8.0015762e-01   1.9083707e+00  -2.0986385e-01   4.6764687e-01
   4.1792150e-02   2.7763206e-02  -5.7696632e-02   4.9959350e-02   2.1741248e-01   3.0099153e-02  -2.7961777e-01  -6.4399761e-02   1.5290678e-01
   1.0645200e-01   5.1487157e-02  -4.9285440e-02  -2.3256623e-02  -6.2781299e-02   6.9280263e-02   1.3823831e-01   6.1290473e-02  -2.3525864e-02
  -2.8964796e-01  -9.2246135e-02   1.0006254e-01  -8.0188807e-02   3.1654888e-02  -1.1110103e-01  -2.1548379e-01  -1.1857467e-01   3.0176312e-01
   4.3327707e-02   5.5251976e-01  -1.9012501e+00  -6.2158093e-01  -1.9356427e+00  -1.0438204e+00   7.5322828e-01  -1.8960591e-01   5.8318511e-01
  -9.0659627e-02   8.3378393e-02   3.0594293e-01  -4.1768508e-01  -2.7626275e-01   6.2393511e-01  -1.4497034e-01  -7.8245435e-02  -5.7237996e-01
   2.7300893e-02   1.8309759e-02  -7.5745814e-01   2.0648223e-01   4.4358791e-01  -8.0752194e-01   8.2945459e-02  -6.4970681e-02   2.4316846e-01
  -6.6070963e-02   4.1105504e-02  -2.0832372e-02   5.0108378e-02   1.0304878e-01  -2.7664276e-03  -1.7525987e-01   5.8034607e-03   1.1160773e-01
  -1.4543101e-01   8.8320945e-02   2.6517789e-01  -7.6699943e-04   2.3339896e-01  -1.1626701e-01  -3.7497753e-02  -9.3105562e-02   4.9700237e-01
  -3.0200895e-01  -3.9219392e-01   5.4407675e-01   5.7271505e-02  -1.3645083e+00  -1.5350668e+00  -1.3806567e-01  -1.0699845e+00   1.2201237e-02
   1.7155785e-01   1.0044379e-01   1.1402087e-01   5.2543253e-02   2.9541300e-02   7.6605361e-05   6.1594776e-02  -5.6568537e-02   1.6702887e-01
   5.5945123e-01  -8.9546884e-01  -2.1061093e-01   1.3702705e-01  -1.8604757e-01   1.0475265e-01   9.4871787e-02   1.2303672e-01  -6.8007833e-02
   5.7444596e-02  -1.4374532e-02  -6.5148309e-01  -5.8318046e-01  -3.8008035e+00  -4.4197549e-01  -7.8392761e-01  -1.2473847e-01   1.4420802e-01
   8.2081663e-01   7.7279223e-01  -2.9858339e-01  -9.3421279e-02   1.0953700e-01  -9.3460929e-01   1.1399186e+00   3.2561481e-01  -7.4320069e-01
   7.9222057e-02   1.9111230e-03  -2.8568023e-02   1.1534719e-01  -2.6577602e-02  -3.0224038e-02   6.9573274e-02   6.9328015e-02  -1.3797334e-01
  -1.6415882e-01  -4.7196779e-01   4.2150116e-02   2.1573641e-02   1.6689675e-01  -6.0032445e-02  -1.4615555e-01   9.4186424e-02  -1.0410591e-02
   1.2944536e-02  -4.6729234e-02   4.4833245e-02  -6.2601515e-02  -2.5933254e-02   5.8654925e-03   8.4869318e-02  -2.6346815e-02  -1.9781940e-02
   3.9882570e-01  -1.7992721e-01   3.7610850e-01   9.1682226e-01   1.9087642e+00  -5.5056130e-01  -4.5125614e-01  -6.7872351e-01   2.0684809e-02
  -1.2399157e-01  -1.0285399e+00  -1.1306553e+00  -4.9621667e-01  -1.4782619e+00  -1.2748967e+00  -4.1451499e-01  -2.9636096e-01   6.1356552e-01
   2.5418302e-01   1.0909217e-01  -2.1382199e-02   1.0763654e-01  -7.7675130e-02   1.1250576e-01   2.2636526e-01   1.3507166e-01  -1.9089595e-01
  -4.2448946e-01  -3.4049429e-01  -1.3756990e-01  -3.7094838e-02   1.9203581e-01  -1.3729603e-01   2.3186660e-02  -5.5247395e-02  -7.7620791e-02
   2.9853942e-02  -1.4163164e-02  -9.1988541e-03   3.8984653e-02  -3.4919382e-02  -4.6312890e-03   1.2310917e-01   3.0141506e-02  -1.0312208e-01
  -5.2235282e-02  -1.1341899e-01   4.0674423e-02  -3.3755685e-02  -7.2285736e-02   1.0723217e-01   7.4025292e-02   3.6384595e-03  -1.1976216e-01
   7.9311651e-01   2.9561472e-01  -2.3916724e-01  -3.9877259e-02   4.2712134e-01  -1.7698993e+00   1.2712427e+00   1.1916334e+00  -1.4948310e+00
  -1.1799922e-01  -1.0055217e-01  -6.4741497e-02   6.0997419e-02   9.1039774e-02   2.0069069e-02  -1.5933295e-01   3.5037934e-02   8.2178926e-03
  -3.3064564e-01   1.2464124e-01   4.7542027e-01   2.5635666e-01  -4.4704623e-01  -3.3026472e-01   4.3752187e-01  -6.3098979e-01   6.1740666e-01
   1.0052398e+00  -4.5241709e-01   2.5457359e-01   9.3077637e-02  -1.3599366e+00  -4.8887178e-01  -2.1069749e-01  -5.5312775e-02   9.0214248e-02
   1.6845194e-01   9.9851216e-02  -4.0684093e-03   1.5774276e-01  -5.6442039e-02   3.4288829e-02   2.1806169e-01   5.7722877e-02  -2.7025931e-01
