  -1.9158450e-01
  -1.3991654e-01
  -7.4251325e-02
  -2.2283548e-01
   1.2425528e-01
  -2.9645335e-01
  -1.4931719e-01
  -1.9324592e-01
  -9.5798720e-01
   1.5742060e-01
   1.3326204e-01
  -5.5414298e-02
   1.9047777e-01
  -6.2078425e-01
  -1.2418935e-01
  -1.7430306e+00
   1.8060899e-01
  -6.6413200e-02
  -7.5754241e-01
   1.1069278e-01
   4.2053263e-03
   5.7880153e-03
   1.2583222e-01
  -2.2679712e-01
  -1.2718498e-01
  -1.4287500e-01
   5.4915439e-02
   2.4243289e-01
   3.9564133e-01
   1.0499595e-02
  -1.0006623e-01
  -5.9341667e-02
  -5.0128534e-02
   1.4177946e-01
  -1.1136630e-01
  -4.3986227e-02
  -3.2871014e-01
