   2.4568803e-02   8.8698189e-02   3.8416267e-02   1.5140312e-02   3.0551302e-01   9.0283420e-03  -2.2438781e-02  -8.3744682e-02   2.4288137e-01   6.2812277e-02  -1.7646931e-04   1.3227281e-01   1.1492255e-01   3.5488518e-02  -2.1128021e-03   1.9965157e-02  -3.8399513e-02  -1.5149879e-01   1.6000648e-01  -7.9681408e-03   9.7481707e-02  -6.5458077e-01   5.7766979e-02   2.9746854e-02  -7.4039446e-02   6.6196199e-02   5.1343379e-04  -1.0812279e-01   3.5106157e-01   6.2531949e-02   1.9182777e-02   1.1411179e-01   1.5140854e-01   2.4003896e-01   4.0114608e-02
   4.9406885e-02   5.8616263e-02  -6.3464866e-03  -1.2163716e-01  -5.7205498e-02  -4.3413409e-02  -8.4160345e-02   2.9405031e-02  -1.4259339e-01  -7.0386296e-02  -5.8961784e-02  -3.8731704e-02   2.3982273e-02   1.7517687e-01   1.9775710e-01  -1.2492228e-01   1.4996308e-01  -9.4955333e-02  -4.1287395e-02  -2.5532348e-03   7.3545923e-02   3.2264156e-01   2.3397930e-03   1.7597206e-01  -2.4022801e-02  -2.8181976e-02  -5.9956574e-02  -6.8254550e-02   9.4891047e-02   1.1140022e-01   2.7923966e-02  -2.8223358e-01  -6.3504390e-02   1.9079058e-02  -1.3929919e-02
   5.1620551e-02   1.1160781e-01   1.6599655e-02   2.1244210e-03  -1.1048920e-02  -4.8045788e-04   4.9324092e-02   3.9836258e-03   6.9246780e-02   1.3002068e-02   1.3015029e-02  -2.5337470e-02   2.9623954e-02  -5.0314410e-02  -3.1789225e-02   1.3369098e-01  -9.9849871e-02   3.6194223e-02  -2.5528874e-02  -7.0645582e-02  -2.3377739e-02  -6.7811728e-02  -3.0361757e-02   2.5192380e-02   9.4787521e-03   6.3140167e-02   1.7854218e-01   6.6286337e-02   2.4416632e-02  -6.5229764e-03  -5.8131719e-02   1.4951587e-01  -2.1931103e-02  -4.3105020e-02  -1.0082709e-02
  -1.4608083e-01   6.3569706e-04  -8.6199030e-02   2.8099451e-01   2.4913989e-01  -2.6425737e-02   1.1560573e-01  -5.4652347e-02  -1.1802458e-01   4.8560717e-02   5.9502603e-02   2.1714304e-01  -1.3019543e-01  -7.1641364e-02  -2.2719789e-02  -1.5328804e-01   1.6764085e-02   1.2168974e-01   1.0000123e-01   5.7631351e-02  -1.0599595e-01  -5.5669751e-02   1.8441399e-01   6.4041682e-02   8.4403609e-02  -9.3238505e-02  -1.1669351e-01  -5.0171808e-02  -5.8716637e-02  -1.1542372e-01   1.9468578e-01   2.4095448e-01   2.6203197e-02   2.9287645e-02   1.7590560e-02
  -9.5451935e-02  -3.2024749e-01  -3.0682996e-02   1.3514789e-01   2.4561972e-01   1.2166401e-01   5.1475455e-02  -8.0028885e-02   4.4448455e-01   3.1886161e-02  -1.0812260e-02   2.4691607e-01  -2.8520104e-01  -5.6150935e-02  -1.7411826e-02   9.3453053e-02  -2.2387439e-01  -3.3901442e-02   1.7582186e-01  -9.8360758e-02  -3.0587318e-02   8.0276675e-02   2.0031309e-03   2.5431385e-02   1.5338053e-01   1.7311422e-01   7.1191694e-02   8.6267197e-02   4.1594514e-02  -2.2714683e-02  -1.2459693e-01  -2.1462796e-02   8.5153209e-02   1.1653237e-01   3.6939055e-02
  -2.5125644e-01   8.7776492e-02  -1.6561959e-01   1.3672441e-01   5.6163705e-02  -8.5513999e-03   4.1537632e-02   5.9701184e-02  -1.2713494e-01  -4.4068159e-01   1.5810123e-01  -2.7092311e-01  -1.8658346e-01   1.1567894e-01   8.9778768e-02  -1.4560616e-01   8.8241800e-02   2.9941724e-01  -1.2470254e-01  -2.4657529e-01  -1.4436271e-01   1.6161805e-01  -1.0816216e-01   2.0749114e-01   2.2881153e-01   1.8597334e-01  -3.0641694e-02   8.1022604e-02  -1.3834672e-01  -2.8797752e-01   1.3020942e-01   1.3781408e-01  -7.9878576e-02  -1.1250161e-01   9.3816310e-03
   3.3688620e-01  -3.5392801e-01   2.5503068e-01  -3.6673444e-02   3.9350261e-01   2.1353181e-01   1.5920854e-01  -1.4447219e-01   1.2424540e-01  -3.1980189e-01  -8.7397582e-02   6.2193331e-01  -4.2452351e-02  -3.7586720e-01   4.0439407e-01   3.4593435e-01  -8.9967655e-02   5.2394179e-02   1.5711193e-01   3.0348808e-01   1.8542055e-01  -5.2009723e-01   2.1858442e-01  -3.9512656e-01  -4.9144259e-02  -2.5950810e-01   4.9562497e-02  -1.9954284e-01  -1.0475976e-01   4.8295291e-01  -2.1235433e-01   2.0823216e-02   1.6814531e-01   2.3016190e-01  -3.2711922e-01
   3.8397061e-02   9.8562877e-02  -2.3112566e-04   6.8110171e-04  -1.8299078e-02  -2.8160602e-02   1.1777457e-02   1.9496762e-02   2.7881000e-02  -2.2306042e-02  -4.4719192e-02  -7.6691763e-04   6.2524762e-02  -1.3191988e-02  -1.9409509e-02   7.9954190e-02  -9.4264550e-02   1.2298865e-02   1.2582228e-04  -5.6303289e-02  -2.2065656e-02  -3.4324207e-02  -3.1635969e-02   1.6472968e-02   1.6625273e-02   5.7690478e-02   1.3172281e-01   6.2558012e-02   2.1791349e-02  -5.6958048e-02  -4.2130534e-02   1.4071897e-01  -3.8025043e-02  -3.2723173e-02  -1.2585538e-02
   1.8189237e-02   3.7384419e-02   4.6401832e-03  -2.9958008e-03  -9.8120913e-03   2.3737435e-03   7.6517877e-03  -4.3669877e-03   2.5596151e-02  -9.5462803e-03   8.4182319e-04   1.5929572e-03   1.6020996e-02  -1.7294781e-02   1.0272881e-03   4.2022682e-02  -3.3505128e-02   1.1633639e-02   2.7610724e-03  -1.6923566e-02  -1.1451991e-02  -1.9803224e-02  -1.3171950e-02   1.1102899e-02   3.9218452e-04   1.3868661e-02   4.9264806e-02   1.5586834e-02   4.8860174e-04  -1.1412739e-02  -1.8952321e-02   4.4591053e-02  -3.2493594e-03  -1.8101848e-02  -6.0419614e-03
  -2.9334065e-02   7.9125741e-02  -9.5802481e-03   2.1418871e-02   5.1524733e-02   8.7119884e-03  -3.6771742e-02   3.5840515e-03   5.6774190e-02  -5.1654092e-02   4.0284669e-03   3.3146168e-02   6.0016607e-03   1.0464852e-02  -2.7197399e-02   2.4046142e-02  -5.9979561e-03   6.2164358e-02  -5.3591492e-04  -2.9526981e-03  -6.7200081e-02  -2.9601470e-02  -2.5277505e-02   2.5863545e-04   2.6783938e-02  -5.3755208e-02   4.7836374e-02   1.9018525e-02  -3.2413865e-02  -4.9957157e-02  -1.5446709e-02  -9.6122979e-03  -6.9317727e-03   2.3427156e-02   7.6476392e-03
   4.3160637e-01   3.4757288e-02   1.4146716e-01  -3.7854230e-01  -4.6353128e-01   2.2332265e-01  -1.0204150e-01   5.2618865e-02  -2.5551312e-02  -2.2226109e-01  -1.6575978e-01   1.3370580e-02   3.6506129e-01  -4.4879552e-01   1.2774757e-01   6.4729650e-01  -7.3277820e-02   3.3640714e-01  -2.1224170e-01   1.0152528e-01  -2.1038589e-01  -1.0852225e-01  -2.7917932e-01  -1.3934535e-01  -1.2663148e-01  -2.0585383e-01   1.1823861e-01   2.3077669e-02  -3.4444293e-01   8.0517236e-02  -1.4087880e-01  -9.2314559e-02   3.8563906e-02  -4.3447846e-01  -1.8422027e-01
   2.2949085e-01   9.8833266e-02   1.3786649e-01  -1.4157258e-01  -1.3760035e-01   1.6583535e-01   4.7648388e-02   2.0109551e-02   6.0208742e-03   1.0065334e-02  -9.9559920e-02  -1.1557215e-02  -4.0088108e-02  -4.6157531e-02  -4.5593208e-03   2.2104191e-01  -5.2201292e-02  -2.0715507e-02  -5.3908095e-02   7.9828595e-02   3.0457935e-02   4.4536456e-02   3.3255650e-02  -1.8495669e-01  -3.9447808e-02   1.9933140e-02   1.5199089e-01   7.0696843e-02  -2.9666932e-02  -1.0410007e-02  -1.9500076e-01   2.2105383e-01   9.3346989e-03  -1.9364213e-02  -4.4972159e-02
  -1.5082474e-01  -3.9363178e-02  -1.3066263e-01   7.9815727e-02  -1.2968291e-01  -1.4822806e-01   1.1557248e-01   5.1078736e-02   4.7296053e-02   3.3197603e-01   9.8086555e-02  -2.0637547e-01   6.3108999e-02   5.2719186e-02  -1.9275100e-01   1.0745413e-02   3.3577942e-02   4.5283177e-01  -9.1003945e-02  -1.4650548e-01  -3.2376036e-01  -3.5343022e-01  -1.2825845e-01  -3.5263292e-01  -1.0572492e-02  -9.1996171e-02   1.0876513e-01   1.3646425e-01  -2.2427047e-01  -5.9500106e-01   2.5737611e-01   3.9695960e-01   1.3494124e-03  -1.2386926e-01  -4.4393817e-03
  -4.6606789e-02  -3.2363620e-01   1.3525141e-02   8.0233935e-02   2.9378962e-01   1.9517504e-01   4.8641527e-02  -8.9499782e-02   3.0383180e-01  -2.0134386e-01  -5.3612827e-02   5.7815779e-02  -2.9549001e-01  -1.5003602e-01   8.9619351e-02   1.8495607e-01  -1.3194057e-01  -2.2971761e-01   1.8393093e-01   9.2772868e-02  -1.2380403e-02   2.8564113e-01   1.4350042e-01   1.7271686e-01   1.0800180e-01   9.9599861e-02   4.6571907e-02   6.6029414e-02   1.1272287e-01   1.8328344e-02  -1.9865304e-01   1.0768232e-01   1.7070755e-01   1.2881083e-02   5.1206544e-02
  -2.7532165e-02  -3.3348103e-02  -7.3811958e-03   1.8641404e-02   1.9566550e-02   1.0320530e-02  -8.7323857e-03   1.0625921e-02  -2.9498231e-02   6.0001332e-02   2.0180165e-02   2.6502922e-02  -2.9108673e-02   3.0392703e-02  -2.8768952e-02  -6.8923233e-02   2.1213623e-02  -4.2132744e-02   9.4637413e-03  -9.9304860e-03   2.9048621e-02   3.2716013e-02   1.3904790e-02   4.3072430e-03  -1.0428542e-02  -1.8176553e-02  -8.8998123e-02  -2.7186837e-03   1.9943135e-02  -5.3668026e-03   3.0140659e-02  -3.1764357e-02   1.8218871e-02   1.4541820e-02   5.8356704e-03
  -1.5434013e-01  -1.1379763e-02   2.2755436e-02   3.4601902e-01  -1.8703315e-01  -1.2379660e-01   3.8584068e-01   1.0108157e-01   2.6191554e-01   2.8764390e-01   1.1894058e-01   9.9270630e-02  -1.1728435e-01   1.5302991e-01  -3.0178199e-01  -2.2644341e-01  -2.4301107e-01  -2.9129163e-01  -1.5922462e-01  -4.0723533e-01   1.6617991e-01  -2.2048638e-01   1.3359607e-01  -4.4574124e-02  -8.9761114e-02   3.0057371e-01   9.1943078e-02   2.6225919e-01   1.4959536e-01  -1.7038859e-01   2.5051162e-02   7.6728904e-01  -5.8053133e-02  -1.9730802e-02   3.0127321e-01
  -3.2648822e-02  -2.5834366e-01  -8.2370134e-02  -4.9757037e-02  -7.8581668e-03   5.9217499e-02  -3.8107327e-01  -9.2588562e-02   4.6787831e-02  -4.4561386e-02  -2.1208539e-01  -2.4200218e-01   4.0193137e-01  -1.3566509e-01  -5.2195610e-02  -1.7193397e-01   5.8203994e-02   1.1297039e-01  -8.2789814e-02  -1.3495034e-03  -1.8128867e-01  -5.3767494e-01  -3.6390486e-01  -2.8763492e-01   5.0063814e-02  -8.4049287e-02  -1.1403759e-01  -1.4890007e-01  -2.8442761e-01  -3.7917682e-01   9.2746697e-02  -4.0297475e-01   1.3603978e-01   1.9939074e-01   2.3229282e-01
   4.3049606e-02  -8.8155300e-01   1.9566826e-01   1.7264885e-01   7.0209670e-01   3.2788735e-01   2.7114234e-01   1.5138716e-01  -2.8893905e-01  -3.7665013e-01   1.7032034e-01   1.6998491e-01  -1.3996453e+00   4.0600202e-03   2.5346579e-01  -1.3950626e-01   5.9410692e-01  -1.0443962e-01  -2.5038450e-01  -2.4443022e-01   2.1585639e-02   2.3376643e-01   5.1986921e-01   9.5813923e-02   1.8211400e-02   1.5904222e-03  -5.2687223e-01  -2.7660956e-02   9.0865915e-02   4.7249513e-01   4.9179329e-02  -2.7185293e-02   1.7179012e-01   4.6569953e-02  -7.0732464e-02
  -3.2254631e-01   1.4828177e-01  -2.6517648e-01   1.9674449e-02  -6.7451600e-02  -3.7082144e-01   2.9108993e-02   4.0781967e-02  -1.2732264e-01  -3.3425738e-02   2.0662692e-01  -2.8350997e-01   1.9728821e-01  -1.6263685e-01  -1.0265763e-01  -3.3427208e-01  -3.2230874e-01   1.4848729e-01  -1.4393063e-01   6.7503330e-02  -3.4735192e-01   3.5403029e-02  -1.4692322e-01   8.2384899e-02   1.1586991e-01   2.7360526e-01   3.7890217e-01   2.1735475e-01   8.5094742e-02  -1.7390522e-01   2.1253744e-01  -2.0718040e-01  -1.3746584e-01  -2.6332747e-01   1.9580692e-02
   6.8858590e-02   1.7918714e-01   4.7621684e-03  -7.9402112e-02  -1.6707593e-01  -9.9105751e-02  -2.7754260e-02   3.3465122e-02  -1.2517174e-01   4.8170269e-02  -2.3370741e-02  -3.8369657e-02   1.5934144e-01   9.9991314e-02  -5.1703271e-02  -5.4591669e-03  -3.7664022e-03   7.8340223e-02  -5.0797249e-02  -2.4133482e-02   2.9341580e-02   1.0327916e-02  -8.0540803e-02  -3.9368374e-02  -4.3476694e-02   4.7518416e-04   6.3359232e-02   7.7458243e-03  -3.9098929e-02  -3.0100309e-02   2.4009030e-02   7.5465062e-03  -1.1432227e-01  -4.7782430e-02  -2.2892576e-02
  -5.3101073e-02  -2.1710318e-01  -7.5550981e-02   2.1267367e-01   2.5622376e-01   4.9357232e-02   5.6428613e-02  -1.2924458e-01   1.0143930e-01  -3.0491952e-01  -3.7872814e-02   1.4639397e-01  -2.2853060e-01  -1.4587840e-02   1.8183353e-01  -9.3670904e-02  -6.3063144e-02  -2.4944377e-01   1.5531695e-01   4.3782613e-03   6.2682598e-03  -2.0446397e-01   9.2139098e-02   1.3198866e-01   1.6440284e-01   7.0355755e-02  -5.6140208e-02  -9.8882722e-02   2.3535761e-01   1.5436669e-01   1.1866728e-01   8.1315454e-02   1.1514282e-01  -3.9895771e-02  -5.4578127e-02
  -4.4977955e-01  -4.8867161e-02  -2.3662938e-01   1.2662437e-01   3.7604635e-01  -3.4936901e-01   1.2035354e-02   1.1908218e-01  -3.2590802e-01  -1.1500488e-01   1.2809619e-01  -1.8202853e-01  -4.0185429e-01   2.2834204e-01  -1.3839029e-01  -6.7658761e-01   2.2770766e-01   2.1322811e-01  -1.9119302e-01  -2.6804446e-01  -2.8367439e-01   6.4486525e-01   2.6875071e-01   2.0677358e-01   6.2058445e-02   3.0999612e-03  -1.0441390e-01   3.6675025e-02  -1.1810891e-01  -2.9973063e-01   3.7179211e-01   1.5427978e-01  -1.0275077e-01  -3.3765588e-01  -8.8867159e-03
   9.8802054e-02   1.2847967e-01   6.4619489e-02  -2.3291796e-02  -2.0021393e-02   2.5444117e-02   2.9137204e-02   2.8478192e-02   2.3349098e-02   8.4044184e-02   1.2116695e-02  -8.7930864e-02   3.3664205e-02  -5.2081898e-02  -8.4373073e-02   2.0134844e-01  -7.3239321e-02   6.1799322e-02  -7.0261584e-02  -5.6107558e-02  -2.1353828e-02  -9.3521999e-02  -6.3184990e-02  -7.7665103e-02  -2.4458126e-02   2.5993125e-02   1.6812234e-01   7.4187199e-02  -2.3358352e-02  -3.0736749e-03  -8.0832954e-02   1.5952496e-01  -3.5860738e-02   1.7801119e-02   3.3892586e-02
   3.9951399e-02   5.9741884e-02  -1.0050766e-02  -1.7206769e-03  -2.4783456e-02  -1.7571158e-02   3.3309847e-02   9.2619943e-03   4.2451438e-02  -1.6939662e-02  -1.5783919e-02  -6.2475664e-03   5.2589854e-02  -2.2024625e-02  -3.1777488e-03   8.2472009e-02  -4.6540872e-02   1.6856630e-02  -1.9079101e-02  -4.0295673e-02  -1.6968723e-02  -2.8670753e-02  -3.0084612e-02   2.4853804e-02  -5.6723345e-03   4.8839410e-02   9.7573587e-02   2.5448067e-02   2.7376654e-02  -1.2090864e-02  -2.3054437e-02   9.3472150e-02  -1.4155750e-02  -5.1382383e-02  -2.6426172e-02
