  -1.2831530e-01   6.6992243e-02   1.2002757e-01   2.8253897e-01   7.9394841e-02   4.4263285e-02   2.1507485e-01  -3.2717674e-01  -1.0107148e-01  -3.5280277e-02  -8.6818944e-02  -2.4224529e-01  -6.1934932e-02  -5.1197327e-01   2.7304363e-01  -2.3702871e-01  -3.2815355e-01   1.7284523e-01  -1.3887986e-01   1.3167050e-01   3.3414146e-01  -2.4372989e-01  -4.3985600e-02  -3.0774945e-01   3.1585623e-02  -2.0578445e-01  -2.8465046e-01  -9.6565871e-04  -1.5311944e-01   1.1725780e-01  -3.4736492e-01
  -1.7179258e-02   3.6752419e-02  -7.4850216e-03   4.3490845e-03   1.0880562e-02   4.3905303e-02   5.0269710e-02  -8.0347166e-04  -1.3569065e-03  -1.2341879e-03   6.9494439e-03  -4.4889165e-02   2.0920004e-02   1.4640331e-02   2.5514532e-03  -5.8749287e-02   5.2369857e-02   2.1668475e-02  -4.2142570e-02  -5.0656718e-02   2.4328730e-02  -1.2872094e-02   4.1581939e-02   5.6481347e-02   4.9443960e-02  -2.2526746e-02   3.3504899e-02   2.0223366e-02   2.8016978e-02  -1.9985515e-02  -3.7792546e-03
   3.8175186e-02  -2.5490794e-02   2.8296200e-02   9.2977022e-03   5.8734663e-02  -7.6046216e-02   1.1369097e-01   2.7918948e-01   5.3838045e-02   1.8157488e-01   3.5116690e-01  -1.0179613e-01  -1.1789932e-01   1.8850728e-01   4.6298363e-03   1.1603367e-01  -5.0714355e-02   1.9193777e-03   3.3207580e-02  -1.8060055e-01   1.1941490e-02   1.4744745e-03   8.7399675e-02  -1.2226773e-01  -1.5515467e-01  -2.1660475e-01   1.2997091e-01   9.4604129e-02   1.9682786e-01   2.2881264e-02   4.0224796e-01
   9.3331424e-02  -2.0314392e-01   9.3277228e-02  -2.4171904e-01  -1.1764261e-01  -4.2556860e-01  -3.3632582e-01  -3.2668502e-01  -3.9064294e-01  -9.5478522e-02  -5.8810122e-01   2.0397050e-01  -3.4352477e-01  -2.9670920e-02  -1.6292304e-01  -3.8003073e-01   2.5781357e-01   2.4628310e-01  -9.1389914e-03   4.7328144e-01  -2.0928147e-01   2.5799308e-01  -3.5071498e-01  -2.6811088e-01  -1.2865617e-01   1.8332263e-02  -4.0612669e-01  -2.1680816e-01  -4.0985187e-01   1.6831972e-01  -2.6756046e-03
   1.5885871e-01   4.8973004e-01  -3.8701288e-01  -2.6491480e-02   1.7492868e-01   7.1295638e-01  -8.6615471e-03  -1.2094362e-01  -2.5801866e-01  -1.9051076e-02  -1.0269494e-01  -3.1640919e-01   3.9614780e-01  -1.0416273e-01   2.0679344e-01  -1.0873404e-01  -3.8909560e-02  -5.4562128e-02   5.3663796e-01  -5.4867861e-01  -6.8994492e-02   8.1288977e-02  -2.1252878e-01  -6.1449933e-01   9.4929162e-02   2.2442472e-01   1.4779780e-01  -2.4493601e-02  -2.8530097e-01  -7.5621295e-02  -8.6112633e-02
  -4.4983486e-02   7.6488505e-02  -5.3097033e-02  -1.0565449e-01   2.6981997e-02   8.2191618e-02   9.6532170e-02   7.8842496e-02   9.7997289e-02   9.6877171e-02   9.6725830e-02  -8.4456406e-02   3.0835312e-02   5.1849922e-02   1.7377646e-02  -6.6793346e-02   3.6653688e-02  -7.6949239e-02  -1.5942585e-02  -7.7317850e-02  -8.4942213e-02   1.6128847e-02   1.2997295e-01   2.2380302e-01   2.0799122e-01  -1.0609129e-01   1.0341132e-01   1.1036641e-01  -6.3101797e-02  -6.3124002e-02   1.4113532e-02
   1.0932488e-01  -3.5845687e-02   6.4989145e-02  -1.6021596e-03  -6.7171464e-02  -1.6929688e-01  -6.4037539e-02   1.7879141e-03  -5.6367373e-02  -2.2150317e-01   1.1193406e-01   1.3669140e-01  -1.3392470e-01   2.0962745e-01   8.4431192e-03  -6.0281933e-02  -1.2272549e-02  -1.4263774e-02  -5.9839966e-03   7.4169431e-04  -6.2173081e-02  -9.6837294e-02  -1.5180855e-01   2.2508014e-02  -9.9103795e-02   6.3228389e-02  -1.1204772e-01  -4.4012943e-02  -1.5112692e-01   5.3089798e-02   9.7685474e-02
  -2.0422690e-02   2.2160455e-02   1.6387553e-03   3.4544262e-03   1.9483486e-02   3.0550328e-02   5.3020650e-02   3.2546329e-02   4.5984760e-02   2.9916124e-02   4.8199143e-02  -4.5137748e-02   3.4682560e-02   3.1382000e-02   6.8462572e-03   3.7118530e-03   6.7931109e-03  -2.2528384e-02  -8.4565787e-03  -2.9345000e-02  -3.5992217e-03  -8.7004029e-03   7.5269787e-02   5.9005812e-02   1.0316153e-01  -5.6727984e-02   2.3424277e-02   3.5269074e-02   9.6945982e-03  -1.8235517e-02   1.5214953e-02
   4.7760936e-02   3.5586703e-03   5.3777791e-02  -5.8978560e-02  -2.9461517e-02  -5.5760509e-03  -2.0652621e-03   1.2514140e-02   1.5518117e-03  -4.1009576e-02   4.1505892e-02  -1.8566466e-02  -5.2064214e-02   3.6679905e-02   2.8950984e-02   1.3841079e-02   9.5301593e-02   3.6669173e-02   3.6823422e-02  -4.6054424e-02  -4.7835434e-02   5.0599343e-02   4.3425143e-02  -4.8602241e-03  -8.8106368e-03  -3.5627242e-03  -3.9197120e-02  -1.5995862e-02  -3.4561457e-02   3.2989604e-02   4.4134929e-02
   9.1766907e-02   7.3834088e-02   2.2150929e-01  -7.7088612e-02   8.2555816e-03  -6.9100094e-02   2.3070746e-01  -3.4162140e-01  -3.4150806e-02  -2.6199212e-01   3.1700108e-01  -1.9390842e-01   2.2960632e-02  -1.9486624e-01  -1.3816836e-01  -2.2988478e-01   8.7420953e-02   3.7951433e-02  -6.8093528e-02  -1.0724248e-01  -1.7695927e-01   1.0221221e-01  -1.8920823e-01  -6.6385575e-02   1.3377056e-01   1.3976207e-01  -3.2957278e-01   1.6464216e-01  -3.0714562e-01   3.9921593e-02  -2.6941253e-02
  -9.4928212e-02   1.6618373e-02  -1.6179330e-01   2.5989434e-03  -7.1332953e-02   1.0523972e-01  -3.2566471e-01  -2.5401141e-01  -1.8867642e-01   5.8936860e-02  -3.3732345e-01   3.8426162e-01  -1.3257442e-01   5.9381000e-02   1.4783655e-01  -1.0322307e-01   2.3790673e-02   4.0316706e-02   4.3023255e-02   9.4538725e-02  -2.5629091e-02   3.5475128e-02  -1.4087812e-01   2.7653573e-01   2.2702405e-01   2.5605001e-01   2.6175030e-01  -8.7230375e-02   1.6715490e-01   1.1416028e-02   2.5856536e-02
   9.3247380e-02  -5.0375026e-02   1.0117916e-01  -1.3158473e-01  -6.0923654e-02  -3.9120412e-02   1.0630555e-01  -4.3334053e-02  -2.8127095e-02  -1.1379419e-01   6.5023806e-02  -2.0910331e-02   1.6333550e-02  -6.0929970e-03  -3.6893436e-02  -4.7897031e-02   1.2960876e-01   2.5833137e-02  -1.1552181e-01  -2.3656013e-02  -7.8983259e-02   4.1757550e-02   7.3527285e-03  -1.0367750e-02   3.6274619e-02   5.3956825e-02  -1.0043562e-01   8.9937955e-02  -7.1037160e-02  -9.1078982e-04   2.1864976e-02
   1.6289208e-01  -1.0612775e-01   2.2862469e-01   1.6387681e-01  -1.0538638e-01  -2.2052744e-01   4.2825590e-02   3.0462993e-01  -9.1961426e-02  -8.9530184e-02  -6.0024841e-02  -3.9124825e-02   1.4906734e-02  -4.0186568e-01  -8.9727941e-02   1.2714120e-01  -9.6285533e-02   1.3759619e-01  -7.2045739e-02   2.1153093e-01   3.1405393e-01   4.5242350e-03  -1.6147887e-01  -4.5743459e-01  -3.9166110e-01  -3.4045136e-03  -1.3572541e-01  -1.5241475e-01   1.5151736e-01   2.6803849e-02   1.4076731e-02
  -7.0230206e-02  -1.0839499e-01  -1.0210934e-01   8.7393364e-02  -4.1420406e-02  -1.3918589e-02  -1.0436857e-01   3.6504873e-01   5.1973939e-02   2.9904300e-01  -2.8022647e-01   1.9163686e-01  -2.1928180e-02  -4.6252379e-03  -2.8001650e-02   1.0104246e-01  -2.3747238e-01  -7.8772451e-02  -7.2630103e-02   1.7262345e-01   1.5744639e-01  -1.3481299e-02  -9.3454066e-02   2.2694545e-01  -1.9494733e-01  -9.7047892e-02   1.7013965e-01  -1.2946026e-01   1.6406181e-01  -7.1732408e-02  -5.3481033e-02
   1.9108915e-02  -2.4806483e-02  -9.3539781e-03  -2.1614344e-03  -2.9954754e-02  -2.7800640e-02  -6.6643925e-02  -4.3783835e-02  -5.5982518e-02  -2.7030997e-02  -5.4245089e-02   6.2959629e-02  -2.9028066e-02  -2.9207657e-02  -1.3419868e-02   5.2990573e-03  -7.1463076e-03   1.9785145e-02   1.0363675e-02   3.2630147e-02   2.1499345e-03   1.1471601e-02  -9.0770453e-02  -5.2236128e-02  -1.0295431e-01   6.6673298e-02  -1.6170186e-02  -3.3684371e-02  -1.2392167e-03   1.5031860e-02  -2.2073692e-02
   5.9892533e-02   1.5059714e-02   1.4687472e-02  -1.9921272e-02  -3.4156674e-03   5.1682535e-02   1.1697724e-01   2.9838962e-03   2.1990484e-02  -4.6152624e-03   4.6905175e-02  -6.4822073e-02   2.3239784e-02  -5.1800280e-02   7.7358207e-02  -2.7462958e-02  -3.0027615e-03  -4.6813462e-03  -3.8498475e-02  -1.6081654e-02  -1.8973046e-02  -7.9488292e-03   1.2045188e-01   4.1348116e-02   6.8032488e-02  -1.9624389e-02  -2.6895684e-03   2.0740677e-02   1.0448656e-02  -3.1181367e-02   2.5503461e-02
   2.3607104e-02  -4.1031442e-02   4.2974810e-02  -2.7039320e-02  -2.7062088e-02  -2.7929601e-02  -1.5177425e-03  -1.4446806e-02  -1.1825683e-02  -2.4803050e-02  -3.4845128e-02   1.5875258e-02  -5.0608708e-02  -7.4551184e-02  -1.3291922e-02  -1.4698355e-02  -1.0402187e-02   3.4792626e-02   1.0811532e-03   4.6381336e-02  -2.3058992e-02   2.0240820e-02  -2.4270704e-02  -9.4017939e-02  -9.4822097e-02   2.3856392e-02  -6.0627910e-02  -2.1821821e-02  -3.1385184e-02   4.5158504e-02   1.3391666e-02
   4.9858390e-01   4.1168024e-01  -3.9963534e-01  -2.5171341e-01  -1.1488769e-01   2.1497881e-01   8.2987251e-02   4.3355501e-01  -3.2531474e-02   1.0014794e-01   9.3141432e-01  -2.7407533e-02   3.7842497e-03   7.9019015e-01  -2.5409451e-01   3.1884173e-02   3.3247537e-03  -2.4184004e-01   5.2690748e-01  -5.3170088e-01  -1.6946234e-01   3.0284742e-01  -8.0214280e-01   9.4232645e-02  -5.9547420e-01   5.1296717e-01   2.6285375e-01   1.7444963e-02  -4.4054549e-01  -2.0361374e-01   7.7605595e-02
  -1.8737110e-02   1.6522480e-02   8.8371538e-03   8.4213156e-03   1.9278196e-02   2.8369021e-02   4.9858766e-02   3.3286672e-02   3.9653614e-02   2.3896129e-02   3.4889067e-02  -4.6083507e-02   2.9359214e-02   2.2058861e-02   4.9702083e-03   5.0591331e-03   1.5191856e-03  -1.6453915e-02  -9.5452096e-03  -2.0265829e-02   4.6229078e-03  -1.2916411e-02   6.3628180e-02   4.4732312e-02   8.1223439e-02  -5.3353288e-02   1.2018023e-02   2.8681340e-02   3.6299157e-03  -1.7662372e-02   7.9619689e-03
  -1.9858694e-02   2.1121773e-02   2.2942555e-03   5.9323775e-03   1.9437344e-02   3.0982766e-02   5.3273926e-02   3.0213163e-02   4.2918447e-02   2.8090144e-02   4.3716623e-02  -4.5036525e-02   3.4739813e-02   2.8580785e-02   6.7668919e-03   3.6266993e-03   5.8923860e-03  -2.1677482e-02  -9.9531671e-03  -2.7068970e-02  -8.6214248e-04  -1.0890484e-02   7.5066146e-02   5.5704450e-02   1.0086426e-01  -5.5437216e-02   2.1630488e-02   3.4287489e-02   9.9700571e-03  -1.9334752e-02   1.2759578e-02
  -2.9616454e-02  -2.3064722e-03   2.4898597e-02  -1.7597109e-03   3.2979668e-02   1.7686907e-02  -3.3876255e-02   9.1502280e-02   7.9518870e-02   1.0407514e-02   5.0882299e-02  -4.4898192e-02   2.8563733e-02   4.8771899e-02  -2.9469693e-03   6.5871364e-02   3.8649068e-02  -4.6402158e-02   4.0288089e-02  -4.8675727e-02  -4.9124484e-03   3.6824471e-03   4.6062866e-02   4.6791013e-02   7.2251376e-02  -8.2440550e-02   1.5386787e-02   2.0491941e-02   1.1221296e-03  -1.2725022e-03   2.1146528e-02
  -1.3465012e-02   2.2200646e-01   9.5725019e-04  -6.8678434e-02   1.3615479e-01   1.1546451e-01   9.0619196e-02  -5.6217549e-01  -1.2020371e-01  -1.4355490e-01   5.5992575e-02  -1.5906280e-01   2.6991189e-02  -7.9464254e-02   6.5003355e-02  -2.5807401e-01   2.6005206e-01   1.1807514e-01   1.9315382e-01  -3.3755306e-01  -1.9551683e-01   1.2491952e-01   1.3741851e-01  -2.8072036e-01   2.2762627e-01   1.4748747e-01  -1.2313746e-01   4.7858366e-02  -1.1678243e-01   8.3374257e-02   9.9954897e-02
  -8.2289083e-02  -6.5025875e-02  -5.4617749e-02   6.2255821e-02   2.2914438e-02   3.5805548e-02   5.0265623e-02  -1.7368173e-02   3.7094473e-02   1.2559199e-01  -6.2330365e-02   3.7603420e-02   1.0729056e-01  -3.5145860e-02  -8.0999939e-02   4.1864212e-02  -1.1383751e-01  -1.1242213e-01  -6.6424699e-02   9.4424172e-02   7.1194638e-03  -5.7087445e-02  -1.8225058e-02   2.7766049e-02   7.1230323e-02  -7.5673962e-02   5.6187546e-02   7.0229292e-02   6.6991360e-02  -4.7633273e-02  -7.6937521e-02
