   1.1998010e-01
  -2.1664295e-01
   7.9083188e-02
  -1.3366718e-01
  -9.9064622e-02
   7.2790602e-01
  -3.9806145e-01
  -2.3621124e-02
   1.6320202e-01
   7.5304955e-02
  -1.7603391e-01
   2.3483084e-01
   1.7389914e-01
   1.1743238e-01
  -9.2602580e-02
  -6.2529124e-01
   3.8455026e-02
   4.7086393e-02
  -2.0198666e-01
   9.3007208e-01
  -2.2153820e-01
  -8.8364072e-02
  -4.2187196e-01
  -1.2670902e-01
   3.2660029e-01
  -6.3858140e-02
   3.3384795e-01
   2.7726334e-01
  -5.6030479e-02
  -7.7642108e-02
  -4.4957839e-01
   4.3222224e-02
  -8.7570220e-01
  -7.0256832e-02
   7.4420065e-01
   1.0596369e-01
  -1.1984977e-01
  -3.9305434e-02
  -4.1531844e-01
   2.7914750e-01
  -4.1426586e-02
  -4.5433907e-02
   1.5238856e-02
  -1.5751324e-01
   9.4267401e-01
