   3.8693204e-01
   7.7496719e-01
   2.3757565e-01
  -6.0535584e-01
  -1.1007778e-01
  -2.1495765e-02
   5.6466404e-01
  -4.7765038e-01
  -5.8412353e-01
   1.1545245e-01
  -3.1461296e-01
   7.8067439e-01
  -5.5732366e-02
   1.5149514e-01
   5.4535293e-02
  -7.8729351e-02
   4.3145405e-02
  -1.6432501e-01
  -2.5260894e-02
  -2.2635631e-01
   6.2822615e-02
  -1.0062550e-01
   4.4472983e-02
   9.4321416e-02
   1.1898820e+00
   1.3263436e-01
   1.0319258e+00
   1.6928053e-01
  -8.8282032e-02
  -7.3484386e-02
   7.0688342e-02
   3.2069437e-01
   2.6780561e-02
   1.7851843e-01
  -3.7287508e-01
   1.9196585e-02
   1.6388949e-01
  -6.7542300e-02
  -1.4414435e-02
  -5.8463011e-03
  -1.2490835e-01
  -1.5835123e-01
  -1.9216760e-01
   2.2914532e-03
   3.6646950e-02
  -2.0393654e-02
  -3.7785220e-02
   4.6583506e-01
