   3.4506532e-01   1.1935449e-01  -1.1405101e-01   1.5521510e-02  -4.6725308e-01  -2.5289560e-01  -2.4669106e-01  -3.4724151e-01  -2.7192151e-01
  -7.5146716e-01  -9.6896845e-01  -1.0904112e-01  -1.4683154e-01   1.9811993e+00   9.3031927e-01  -4.6403762e-01  -5.2618302e-01   5.9343441e-02
  -8.9543850e-01   5.6962420e-01  -1.6726820e-01  -6.4959337e-01  -1.5817246e-01   1.3213353e+00  -1.6381671e+00  -7.1791415e-01  -6.2011937e-02
   1.7128412e-01   4.1986696e-02   1.7453473e-01  -1.7017608e-01  -1.1179702e-01  -6.8183891e-02  -4.9479699e-01  -4.6308339e-01  -3.7140663e-01
   1.1680906e+00   6.3460909e-02  -7.7327538e-02  -5.4759856e-01   6.4236450e-01   1.5571699e-01   5.8842906e-01   1.7070052e-02   2.2243883e-02
   2.1074936e-02   4.8155313e-02   2.0229137e-01   8.2207869e-02   1.2999848e-01   2.0041826e-01  -1.1192969e-01   7.0713137e-02  -7.9760690e-02
   5.0557246e-01  -1.8804761e-01  -1.9104030e-01  -3.2306931e-01   2.2046633e-01   3.8076529e-01  -3.1680626e-01  -1.5719342e-01   2.7237741e-01
   5.7696315e-01   6.6212115e-01  -6.4984907e-02  -1.0549664e-01  -2.6192311e-01  -3.2387843e-02  -1.7842954e-01   2.8938233e-01   3.9441325e-01
  -7.3816828e-02  -1.2947374e+00   2.1482351e-03  -1.4596943e-01  -2.9214418e-02  -6.1501299e-01   4.3713027e-02  -7.0970159e-01   4.0963341e-01
   3.3862734e-01  -1.4099915e-01   1.7987597e-01  -1.5187230e-01  -1.4930309e-01   2.1516819e-01   2.2102978e-01  -2.2348928e-01   1.5400768e-01
  -2.4010110e-01   1.2131021e-02   3.0407943e-01   5.4572231e-02   9.3849929e-02   1.9566436e-02  -8.8366925e-02   2.3821423e-01  -1.5737994e-01
  -6.0837941e-01   7.2853747e-02   6.9801647e-01   3.5816063e-02  -1.1187770e-01   4.5440446e-01   4.4558803e-01   6.0596340e-01  -5.7781862e-01
  -8.3700988e-01   7.2822367e-01  -4.0912398e-01  -2.9565795e-01   5.2859678e-01   4.2476045e-01   4.1129747e-01  -1.6240131e+00   5.6999976e-01
  -1.4865259e-01  -1.8871297e-01  -1.4677518e-01  -9.0821706e-02   1.6912591e-01  -1.1490700e-01  -1.3852431e-01  -1.6407748e-01  -4.6731161e-02
  -7.5140313e-02  -5.6458902e-01   4.2243088e-01  -3.8108605e-01  -1.2314839e+00  -1.0449231e+00   4.3314311e-01  -5.5285540e-01   6.2508248e-01
  -5.8975456e-02  -1.9806472e-02   2.4039207e-01   1.2116754e-01   2.6764057e-01  -3.4473911e-01   2.7160705e-02  -2.4975369e-02   4.6891307e-02
   1.2913616e-01  -3.0952158e-02  -2.2269447e-01  -1.3202463e-01  -7.2574213e-02   4.5509206e-01  -1.5990151e-01   2.6160513e-01  -1.2883473e-01
  -3.0954396e-02  -3.8953453e-01  -2.7094977e-02   2.2213809e-02  -5.4789674e-01   7.8508189e-01  -1.0018114e+00  -4.1600168e-01  -3.8750937e-01
  -3.2095462e-01  -2.0244679e-01  -1.9833702e-01  -3.2940821e-01   1.5741502e-01  -1.0666706e-01  -1.6643073e-02  -1.7832097e-01  -2.3734946e-01
  -1.1003271e+00   3.4711621e-01  -2.5913200e-03  -1.4654415e-01  -1.0785187e-01   1.6408630e+00  -1.5246188e+00   2.4127779e-01  -2.3185226e-01
  -3.9277440e-01   1.2844666e+00   3.8258126e-01   1.1853807e-01  -1.5048965e-01  -1.9405130e-01   3.1520569e-01  -2.2816548e-01  -3.5683303e-01
  -1.5679970e-01  -1.0444552e-01   2.6861026e-01   5.2901700e-01  -4.0874182e-01  -6.7286871e-02   2.6516914e-02  -1.0874983e-01   4.0299792e-01
   1.2735861e-01   1.5388747e-01  -2.4506709e-01  -3.5147541e-01  -1.6302905e-01   4.8011840e-01   2.1665941e-01   6.4629122e-01  -1.0777603e-01
  -8.5516414e-01  -8.9069860e-02  -2.5613827e-01  -2.1585031e-01   2.2915006e-01   4.7250556e-01  -6.2715266e-03  -1.9833622e-01   4.9371555e-01
  -2.4019320e-02   2.4304170e-01   4.0485058e-02   3.3847590e-01   6.9067750e-02  -6.3623647e-01   9.7930036e-01   3.4432429e-01   5.9821093e-01
   7.8801479e-01   3.9000027e-01  -2.7387005e-01   5.2692276e-01   5.4942254e-04  -6.9754086e-01   5.7713175e-01  -5.7648881e-01   3.0230832e-02
  -7.8486565e-02  -2.7216001e-01  -3.7109318e-01  -1.7580415e-01  -3.0662522e-01   2.5070239e-01   1.6549129e-01   2.1307967e-01  -7.7863821e-02
  -2.0257548e-01  -1.8332838e-01  -1.0543176e-01   5.9877249e-02   3.5339846e-02   6.5816967e-02  -1.3790141e-01   2.3671903e-01  -4.5922843e-02
  -2.5826822e-01  -2.2857265e-01   1.9602800e-02   3.2519417e-02  -2.7261073e-01  -6.4945251e-01   3.3862350e-01   1.8400076e-01   2.4637034e-01
  -1.4323010e+00   1.3266642e+00   1.7924428e-01  -4.8802795e-01  -9.8652935e-02   3.2039486e-02   2.8964836e-01   3.2024165e-01   7.6826774e-01
   3.3442757e-01   9.7619235e-02   2.6632116e-02   2.0882621e-01  -6.8777478e-02   2.8535817e-03  -9.2751717e-02   4.3511072e-02   3.5054658e-02
  -7.1898694e-02   7.8660222e-03  -2.5778310e-02   1.9922206e-01  -9.3533422e-03  -2.3957161e-01   5.9988853e-01   2.5389829e-01   3.7083079e-01
   5.4093768e-02  -1.9052935e-01   3.0448493e-01   3.5373660e-01   7.2839025e-01   1.8556471e-01  -1.9831776e-01  -2.3957819e-01   1.1365860e-01
  -3.8416371e-01   2.0614651e-01  -5.9351058e-01   2.3452599e-01   4.0474164e-01   4.6464786e-01   4.1226119e-01  -2.2993527e-01  -2.9279776e-01
