   9.9858273e-01  -1.4128445e-01   6.5675987e-02  -1.4546925e-01   1.1986040e+00  -6.9378528e-01   1.4967418e-01   7.8067062e-03   8.8321538e-02
  -2.9416151e-01   3.8610849e-01  -1.2167329e-01   4.8042412e-01   6.4864928e-01   8.7186013e-03   2.6959109e-01   4.1078511e-02  -1.6828494e-01
  -3.4939181e-01   1.6782212e-01  -4.3898054e-01  -6.7819687e-01  -1.0646560e-01   6.5802851e-01  -7.7057879e-01  -9.9925593e-02  -4.4952108e-01
   4.7799822e-01   6.8282175e-02   9.8384119e-02   6.4546730e-01  -3.2843747e-01   2.8999777e-01   1.2912144e-02  -3.3850620e-02  -5.6751362e-02
   4.8488977e-01  -8.4441771e-02   2.7458877e-01   6.3454904e-01  -1.8330039e-01   2.5121953e-01  -2.6397968e-02   7.1779059e-01  -3.9148230e-01
   9.3616771e-02  -2.3274611e-01   4.6718994e-01   6.6486892e-02   8.5592390e-02  -4.4384754e-01   1.6321939e-01   9.2604732e-02   3.8705284e-02
   3.5831955e-01   1.7082701e+00   9.3649456e-01  -7.5673307e-03   4.6626881e-02  -1.9589565e-01   1.2574240e+00   1.0455144e-01   1.6297197e-01
   3.6210703e-01  -1.9852797e-01   8.5156640e-02  -2.5747808e-01   5.7804680e-02  -3.0574211e-01   1.4873752e-02  -3.3292026e-01  -4.1384450e-02
   1.0036667e+00  -2.8987312e-01  -3.9726658e-01   1.2721403e+00  -3.8110969e-01  -1.1143953e+00   1.0494911e+00  -2.2150346e-01   2.0604341e-01
   4.7776905e-02   1.8995608e-01  -3.5449904e-01   5.5053129e-02  -2.1103981e-01  -6.7365044e-02   2.0781813e-01  -1.5621114e-02   1.6736630e-01
  -6.0097035e-01   1.0726137e+00   6.1535139e-01   6.9345530e-01  -1.2703296e-02  -1.3701558e-01   6.9240048e-01   2.0624517e-01  -4.5568122e-01
   1.2182547e-01   2.4808201e-01   5.4578173e-01   3.2294616e-01   5.1856221e-01  -3.8186701e-01   1.2559118e+00  -2.8316456e-01   3.0540609e-03
  -1.1103953e-01   2.0832994e-01   3.0463375e-01   5.9119270e-01  -1.4653578e-01  -4.6160999e-01   1.4687930e-01  -2.9998459e-01  -8.1693767e-02
   7.5940860e-02   2.3719215e-01  -4.1957656e-01   8.6214020e-01  -7.8533627e-01  -6.1717921e-01   3.9354246e-01   9.4291413e-02   1.1412740e-02
   2.0320212e-01  -1.5760603e-01   2.5152731e-01   2.3935613e-01   6.4466401e-01   1.8528688e-01   2.8462729e-01   1.8875781e-01  -2.3430377e-01
   1.1909473e-01  -1.5990941e-02  -1.6089125e-01   2.6527096e-01   2.4675175e-01  -6.8972320e-02  -2.1380715e-01   8.2336556e-02  -6.9708875e-02
  -3.2710020e-01   8.9027427e-01  -2.3690477e-01  -7.6767957e-01   2.9446549e-01   1.0236017e+00   1.0158926e-01   2.5845319e-01  -7.7529381e-01
   5.0319652e-01   9.2297794e-01  -4.8059215e-01  -3.6171644e-01   7.9101066e-01  -2.1273285e-01   1.5113511e+00   3.8503987e-01   2.3380023e-01
   1.5329647e-01  -1.2340424e-02   1.4447895e-01   1.6659155e-01  -5.5448735e-01  -5.6811120e-02   1.7283060e-01   2.6242905e-01  -4.6864802e-02
   3.0749443e-01   1.1293221e-01   3.5115883e-01  -5.8016718e-01  -1.3197919e+00  -2.6335047e-01  -3.7978077e-01  -2.7052802e-01  -2.0538429e-01
