   2.8537347e-01
  -1.9046572e-01
  -1.5434280e-01
  -2.2118504e-01
  -4.5955679e-02
  -5.3813568e-01
   3.0891586e-02
   5.9630337e-01
  -4.5657068e-02
   1.8948482e-01
   1.4703576e-01
  -2.2075780e-02
  -1.6215923e-01
  -8.1425762e-01
  -1.8176599e-01
   1.5049983e-01
   1.7383358e-01
   3.8430630e-02
   2.4972897e-01
   3.3534946e-01
  -1.3989188e-01
   2.4026009e-01
   2.2667702e-01
   1.5272437e-01
  -3.9681263e-01
  -2.0217714e-01
   8.2853983e-02
  -7.9039364e-02
  -1.4972416e-01
   1.2889905e-02
   2.5028499e-01
